Epoch	AverageEpRet	StdEpRet	MaxEpRet	MinEpRet	AverageTestEpRet	StdTestEpRet	MaxTestEpRet	MinTestEpRet	EpLen	TestEpLen	TotalEnvInteracts	Q1Vals	Q2Vals	LossPi	LossQ	Actor Noise	Time
1	0.25	0.4330127	1.0	0.0	0.25	0.4330127	1.0	0.0	3.2894738	1.1	250	0.20953286	0.20935169	-0.39666024	0.11997213	0.88125	7.5351738929748535
2	0.24561404	0.43045068	1.0	0.0	0.4	0.48989797	1.0	0.0	1.1008772	1.05	500	0.38743806	0.38660344	-0.48171386	0.22810338	0.7625	16.966094493865967
3	0.2631579	0.44034737	1.0	0.0	0.25	0.4330127	1.0	0.0	1.0964912	1.1	750	0.4849371	0.48445812	-0.5019551	0.1955704	0.64375	25.09921145439148
4	0.20689656	0.40508068	1.0	0.0	0.25	0.4330127	1.0	0.0	1.0775862	1.1	1000	0.51957047	0.51956195	-0.5198616	0.17536013	0.525	33.91148781776428
5	0.23451327	0.42369425	1.0	0.0	0.2	0.4	1.0	0.0	1.1017699	1.0	1250	0.53533554	0.5350392	-0.53853416	0.16531715	0.40624999999999994	41.50582838058472
6	0.25110132	0.43364668	1.0	0.0	0.4	0.489898	1.0	0.0	1.1057268	1.1	1500	0.5345029	0.5344074	-0.532655	0.1565912	0.2875	50.28873348236084
7	0.2631579	0.44034737	1.0	0.0	0.2	0.4	1.0	0.0	1.0964912	1.05	1750	0.5433656	0.5433093	-0.61052513	0.15614122	0.16875	57.820671796798706
8	0.2117117	0.40852156	1.0	0.0	0.45	0.4974937	1.0	0.0	1.1261262	1.25	2000	0.55410415	0.5541201	-0.5746522	0.1567308	0.05	66.55429816246033
9	0.23275863	0.42258966	1.0	0.0	0.15	0.35707143	1.0	0.0	1.0775862	1.15	2250	0.5430191	0.54320574	-0.5159563	0.15370527	0.05	73.88309836387634
10	0.33189654	0.4708941	1.0	0.0	0.35	0.47696957	1.0	0.0	1.0775862	1.0	2500	0.55363137	0.5536773	-0.4976012	0.13144359	0.05	82.12621688842773
11	0.278481	0.4482514	1.0	0.0	0.2	0.4	1.0	0.0	1.0548524	1.1	2750	0.56427383	0.56455535	-0.4885288	0.13295072	0.05	90.13758397102356
12	0.25652173	0.4367131	1.0	0.0	0.25	0.4330127	1.0	0.0	1.0869565	1.05	3000	0.55242383	0.5524954	-0.5004667	0.12932357	0.05	98.06838583946228
13	0.26548672	0.44159204	1.0	0.0	0.35	0.4769696	1.0	0.0	1.1061947	1.05	3250	0.5644239	0.56440765	-0.49056017	0.117441416	0.05	105.46802568435669
14	0.28444445	0.4511494	1.0	0.0	0.25	0.4330127	1.0	0.0	1.1111112	1.15	3500	0.5605421	0.56053907	-0.4739239	0.11022817	0.05	114.18768763542175
15	0.23245615	0.42239827	1.0	0.0	0.3	0.4582576	1.0	0.0	1.0964912	1.1	3750	0.5559713	0.55570567	-0.4762476	0.09659323	0.05	121.35838794708252
16	0.19130434	0.39332813	1.0	0.0	0.3	0.4582576	1.0	0.0	1.0869565	1.05	4000	0.55891365	0.5587885	-0.48229593	0.08216644	0.05	130.0099334716797
17	0.2532189	0.43485525	1.0	0.0	0.35	0.4769696	1.0	0.0	1.0729613	1.05	4250	0.55356395	0.55371267	-0.47107565	0.07066507	0.05	136.8466579914093
18	0.26839826	0.44312593	1.0	0.0	0.25	0.4330127	1.0	0.0	1.0822511	1.0	4500	0.5556143	0.555767	-0.4650675	0.058445722	0.05	145.42041063308716
19	0.26609442	0.4419142	1.0	0.0	0.2	0.4	1.0	0.0	1.0729613	1.05	4750	0.54618126	0.54620403	-0.46769077	0.048627134	0.05	152.36193013191223
20	0.2489083	0.4323806	1.0	0.0	0.35	0.47696957	1.0	0.0	1.091703	1.1	5000	0.55732095	0.55754334	-0.46893024	0.038264476	0.05	160.4743926525116
21	0.23109244	0.4215314	1.0	0.0	0.3	0.4582576	1.0	0.0	1.0504202	1.2	5250	0.5605608	0.5601859	-0.4716858	0.033038095	0.05	167.99326395988464
22	0.24122807	0.42782834	1.0	0.0	0.2	0.4	1.0	0.0	1.0964912	1.2	5500	0.55042964	0.55060387	-0.46595865	0.0289916	0.05	175.69778990745544
23	0.21304348	0.4094581	1.0	0.0	0.1	0.29999998	1.0	0.0	1.0869565	1.05	5750	0.55375594	0.55375886	-0.46452716	0.023721727	0.05	182.87408351898193
24	0.1981982	0.39864227	1.0	0.0	0.15	0.35707143	1.0	0.0	1.1261262	1.0	6000	0.55752647	0.55765516	-0.4771126	0.020834694	0.05	190.85505533218384
25	0.1991342	0.39934915	1.0	0.0	0.3	0.4582576	1.0	0.0	1.0822511	1.05	6250	0.5597536	0.5598392	-0.48749498	0.021097684	0.05	197.96583223342896
26	0.25333333	0.43492016	1.0	0.0	0.35	0.47696957	1.0	0.0	1.1111112	1.1	6500	0.5555984	0.5556065	-0.47377267	0.018667387	0.05	206.3613736629486
27	0.2850877	0.45145622	1.0	0.0	0.25	0.4330127	1.0	0.0	1.0964912	1.05	6750	0.56912154	0.56908494	-0.47426128	0.01641109	0.05	213.1312403678894
28	0.22943723	0.4204709	1.0	0.0	0.2	0.4	1.0	0.0	1.0822511	1.05	7000	0.5531304	0.5532204	-0.48016796	0.017569033	0.05	221.4953808784485
29	0.20524018	0.40387702	1.0	0.0	0.15	0.35707143	1.0	0.0	1.091703	1.1	7250	0.55791754	0.55790377	-0.49285388	0.016173493	0.05	228.52890706062317
30	0.29333332	0.45528993	1.0	0.0	0.3	0.45825756	1.0	0.0	1.1111112	1.0	7500	0.55192435	0.5519573	-0.47855335	0.0140341185	0.05	236.45804929733276
31	0.23660715	0.42499903	1.0	0.0	0.2	0.4	1.0	0.0	1.1160715	1.1	7750	0.5642974	0.56418717	-0.48769122	0.011267904	0.05	243.6231336593628
32	0.22510822	0.41765362	1.0	0.0	0.15	0.35707143	1.0	0.0	1.0822511	1.15	8000	0.5685383	0.56856686	-0.49439555	0.012228424	0.05	251.479416847229
33	0.21333334	0.40966108	1.0	0.0	0.1	0.29999998	1.0	0.0	1.1111112	1.1	8250	0.56126314	0.5613204	-0.48610765	0.011683596	0.05	258.76758456230164
34	0.23580787	0.42450264	1.0	0.0	0.2	0.4	1.0	0.0	1.091703	1.0	8500	0.55814373	0.5582326	-0.5001537	0.0108648455	0.05	266.8442795276642
35	0.25213677	0.43423936	1.0	0.0	0.2	0.4	1.0	0.0	1.0683761	1.15	8750	0.5574596	0.5573267	-0.4980736	0.010432961	0.05	273.85393476486206
36	0.23376623	0.42322522	1.0	0.0	0.2	0.4	1.0	0.0	1.0822511	1.15	9000	0.5590514	0.5590971	-0.50601476	0.009401272	0.05	282.40045380592346
37	0.24892704	0.43239146	1.0	0.0	0.35	0.4769696	1.0	0.0	1.0729613	1.0	9250	0.56138366	0.5614458	-0.507177	0.008535444	0.05	289.2134327888489
38	0.23809524	0.42591774	1.0	0.0	0.1	0.29999998	1.0	0.0	1.0822511	1.1	9500	0.5578775	0.5578248	-0.5022914	0.0075234342	0.05	297.65366435050964
39	0.25106382	0.4336252	1.0	0.0	0.15	0.35707143	1.0	0.0	1.0638298	1.05	9750	0.5647843	0.5647851	-0.5161068	0.005563166	0.05	304.7272458076477
40	0.24669604	0.43108833	1.0	0.0	0.45	0.4974937	1.0	0.0	1.1013216	1.15	10000	0.563533	0.5635247	-0.51061004	0.0067799585	0.05	312.8381681442261
41	0.25	0.4330127	1.0	0.0	0.2	0.4	1.0	0.0	1.0964912	1.05	10250	0.5596836	0.55974	-0.5050124	0.007910263	0.05	320.20531368255615
42	0.27433628	0.4461792	1.0	0.0	0.3	0.45825756	1.0	0.0	1.1061947	1.1	10500	0.55491513	0.55486673	-0.5092376	0.008271357	0.05	328.09195613861084
43	0.2746781	0.44635192	1.0	0.0	0.25	0.4330127	1.0	0.0	1.0729613	1.15	10750	0.5549637	0.5549477	-0.508536	0.007356701	0.05	335.37531304359436
44	0.2706422	0.4442916	1.0	0.0	0.4	0.48989797	1.0	0.0	1.146789	1.1	11000	0.56411815	0.564216	-0.513631	0.006067593	0.05	343.08269786834717
45	0.24568966	0.43049532	1.0	0.0	0.3	0.45825756	1.0	0.0	1.0775862	1.1	11250	0.5551433	0.55512804	-0.50099427	0.006664155	0.05	350.457147359848
46	0.22413793	0.41701335	1.0	0.0	0.15	0.35707143	1.0	0.0	1.0775862	1.0	11500	0.56606585	0.5660414	-0.5207472	0.005635236	0.05	358.5651316642761
47	0.2489083	0.4323806	1.0	0.0	0.1	0.29999998	1.0	0.0	1.091703	1.05	11750	0.5606663	0.56050336	-0.5200543	0.005352417	0.05	365.963632106781
48	0.23214285	0.42219967	1.0	0.0	0.25	0.4330127	1.0	0.0	1.1160715	1.05	12000	0.5631787	0.5632689	-0.5131397	0.0072265402	0.05	373.9346101284027
49	0.25110132	0.43364668	1.0	0.0	0.25	0.4330127	1.0	0.0	1.0969163	1.1	12250	0.5557499	0.5557643	-0.5083495	0.0070219743	0.05	381.25484323501587
50	0.23076923	0.42132506	1.0	0.0	0.15	0.35707143	1.0	0.0	1.0726496	1.1	12500	0.5673403	0.5673438	-0.5280961	0.0056315116	0.05	389.6645483970642
51	0.197479	0.39809674	1.0	0.0	0.35	0.4769696	1.0	0.0	1.0504202	1.05	12750	0.56661266	0.56654596	-0.534497	0.0049462747	0.05	397.17022132873535
52	0.23788546	0.42578867	1.0	0.0	0.4	0.489898	1.0	0.0	1.1013216	1.05	13000	0.56453115	0.5645293	-0.51920855	0.006965896	0.05	405.523464679718
53	0.20171674	0.4012818	1.0	0.0	0.1	0.29999998	1.0	0.0	1.0729613	1.0	13250	0.5632022	0.5632212	-0.5186508	0.0047887145	0.05	412.97853207588196
54	0.25	0.4330127	1.0	0.0	0.2	0.4	1.0	0.0	1.0775862	1.0	13500	0.56206596	0.56201726	-0.52479166	0.006068267	0.05	421.34932112693787
55	0.23376623	0.42322522	1.0	0.0	0.2	0.4	1.0	0.0	1.0822511	1.1	13750	0.5658695	0.56590575	-0.5267793	0.0060246526	0.05	428.68865442276
56	0.30396476	0.4599676	1.0	0.0	0.3	0.45825756	1.0	0.0	1.0969163	1.05	14000	0.56625384	0.566289	-0.52412254	0.0047014276	0.05	436.85031604766846
57	0.3	0.45825756	1.0	0.0	0.3	0.4582576	1.0	0.0	1.0913043	1.05	14250	0.56229204	0.5623088	-0.52691096	0.0059213657	0.05	444.0268359184265
58	0.27510917	0.44656926	1.0	0.0	0.15	0.35707143	1.0	0.0	1.091703	1.0	14500	0.5675294	0.56749856	-0.53199923	0.0039837286	0.05	452.34192514419556
59	0.33333334	0.47140452	1.0	0.0	0.2	0.4	1.0	0.0	1.0548524	1.15	14750	0.55794424	0.55797863	-0.5272968	0.0030407812	0.05	459.82608819007874
60	0.2300885	0.4208893	1.0	0.0	0.25	0.4330127	1.0	0.0	1.1061947	1.05	15000	0.56892216	0.56898063	-0.5398762	0.004976688	0.05	468.23689222335815
61	0.2888889	0.45324615	1.0	0.0	0.3	0.4582576	1.0	0.0	1.1111112	1.0	15250	0.5549329	0.55489904	-0.51462215	0.0039378135	0.05	475.42994689941406
62	0.21982759	0.41412973	1.0	0.0	0.25	0.4330127	1.0	0.0	1.0775862	1.05	15500	0.5548237	0.5548341	-0.53833103	0.004222414	0.05	483.92420840263367
63	0.26106194	0.43921366	1.0	0.0	0.3	0.4582576	1.0	0.0	1.1061947	1.05	15750	0.54789424	0.54796636	-0.51094794	0.0041577606	0.05	491.19085335731506
64	0.27310926	0.44555652	1.0	0.0	0.4	0.48989797	1.0	0.0	1.0504202	1.15	16000	0.5655128	0.565462	-0.53628266	0.0054179206	0.05	499.88134813308716
65	0.24675325	0.4311219	1.0	0.0	0.3	0.4582576	1.0	0.0	1.0822511	1.25	16250	0.5657259	0.56573033	-0.5424646	0.004292718	0.05	507.36956810951233
66	0.24786325	0.431772	1.0	0.0	0.35	0.4769696	1.0	0.0	1.0683761	1.05	16500	0.5653671	0.5654069	-0.5365387	0.0040206807	0.05	515.7277154922485
67	0.2850877	0.45145622	1.0	0.0	0.3	0.4582576	1.0	0.0	1.0964912	1.1	16750	0.5639762	0.5639092	-0.53562975	0.0031441324	0.05	523.0727949142456
68	0.24050634	0.42739096	1.0	0.0	0.3	0.45825756	1.0	0.0	1.0548524	1.1	17000	0.5716116	0.5716455	-0.5365838	0.0037076676	0.05	531.5369799137115
69	0.3004292	0.4584446	1.0	0.0	0.2	0.4	1.0	0.0	1.0729613	1.0	17250	0.55853236	0.55855715	-0.5289333	0.0042686895	0.05	538.935046672821
70	0.19480519	0.39605066	1.0	0.0	0.4	0.48989797	1.0	0.0	1.0822511	1.1	17500	0.5505724	0.55054796	-0.5240689	0.0042805118	0.05	547.3391659259796
71	0.18803419	0.39073947	1.0	0.0	0.3	0.45825756	1.0	0.0	1.0683761	1.25	17750	0.5678931	0.5679314	-0.54197025	0.0046601444	0.05	554.8190939426422
72	0.23404256	0.4233989	1.0	0.0	0.0	0.0	0.0	0.0	1.0638298	1.15	18000	0.5660785	0.5660704	-0.52682847	0.0036636854	0.05	563.2515280246735
73	0.2290749	0.4202375	1.0	0.0	0.3	0.4582576	1.0	0.0	1.1013216	1.05	18250	0.5549032	0.5548671	-0.5185203	0.0026369041	0.05	570.5222432613373
74	0.25877193	0.43796012	1.0	0.0	0.05	0.21794493	1.0	0.0	1.0964912	1.05	18500	0.5545712	0.5545839	-0.5279778	0.0039137187	0.05	579.053952217102
75	0.2079646	0.40585136	1.0	0.0	0.3	0.4582576	1.0	0.0	1.1061947	1.0	18750	0.5565819	0.5565572	-0.5376098	0.0033742732	0.05	586.2389414310455
76	0.2034632	0.40257415	1.0	0.0	0.3	0.45825756	1.0	0.0	1.0822511	1.05	19000	0.56758606	0.56761545	-0.5450199	0.0028115462	0.05	594.75657081604
77	0.22173913	0.4154165	1.0	0.0	0.25	0.4330127	1.0	0.0	1.0869565	1.0	19250	0.5557656	0.55575144	-0.5330327	0.0033575986	0.05	602.0042271614075
78	0.22077923	0.41477197	1.0	0.0	0.35	0.4769696	1.0	0.0	1.0822511	1.1	19500	0.55903566	0.55906117	-0.53569955	0.0040749526	0.05	610.1105072498322
79	0.3125	0.4635124	1.0	0.0	0.4	0.48989797	1.0	0.0	1.1160715	1.1	19750	0.57288253	0.572906	-0.55042404	0.0036944835	0.05	617.4169867038727
80	0.29596412	0.45647493	1.0	0.0	0.2	0.4	1.0	0.0	1.1210762	1.1	20000	0.57175535	0.57174355	-0.5405489	0.00347984	0.05	625.7907311916351
81	0.2672414	0.44251943	1.0	0.0	0.2	0.4	1.0	0.0	1.0775862	1.1	20250	0.56086123	0.5608959	-0.53690135	0.003710393	0.05	633.1860504150391
82	0.30769232	0.4615385	1.0	0.0	0.4	0.48989797	1.0	0.0	1.0683761	1.0	20500	0.56444186	0.5644028	-0.53766924	0.0027507201	0.05	641.7205204963684
83	0.25	0.4330127	1.0	0.0	0.2	0.4	1.0	0.0	1.0775862	1.1	20750	0.56369215	0.56368726	-0.5467197	0.0038798165	0.05	649.1574091911316
84	0.20175439	0.40130976	1.0	0.0	0.15	0.35707143	1.0	0.0	1.0964912	1.15	21000	0.5648344	0.56487334	-0.5369535	0.002531523	0.05	657.6703677177429
85	0.2584746	0.43779615	1.0	0.0	0.2	0.4	1.0	0.0	1.059322	1.05	21250	0.5729501	0.57295495	-0.5512865	0.003530568	0.05	665.0659263134003
86	0.22608696	0.41829607	1.0	0.0	0.35	0.4769696	1.0	0.0	1.0826087	1.2	21500	0.5584321	0.55844617	-0.5347509	0.0039735953	0.05	673.6334114074707
87	0.32173914	0.4671435	1.0	0.0	0.15	0.35707143	1.0	0.0	1.0913043	1.1	21750	0.5636129	0.56354815	-0.5262765	0.0032416626	0.05	680.9675958156586
88	0.28695652	0.45234108	1.0	0.0	0.35	0.4769696	1.0	0.0	1.0826087	1.1	22000	0.57070917	0.5707071	-0.54308075	0.0035805583	0.05	689.3691930770874
89	0.2489083	0.4323806	1.0	0.0	0.3	0.45825756	1.0	0.0	1.0960698	1.1	22250	0.55908513	0.55909365	-0.5388361	0.0022236612	0.05	696.6093003749847
90	0.2680851	0.44296214	1.0	0.0	0.25	0.4330127	1.0	0.0	1.0638298	1.0	22500	0.5588297	0.55881613	-0.54523396	0.002732211	0.05	704.9739730358124
91	0.25652173	0.4367131	1.0	0.0	0.15	0.35707143	1.0	0.0	1.0869565	1.05	22750	0.5667338	0.56673384	-0.53521883	0.003471866	0.05	712.2131090164185
92	0.27510917	0.44656926	1.0	0.0	0.5	0.5	1.0	0.0	1.091703	1.0	23000	0.5694929	0.5694998	-0.54194957	0.002889903	0.05	720.7522165775299
93	0.24017467	0.42718944	1.0	0.0	0.2	0.4	1.0	0.0	1.091703	1.05	23250	0.56361735	0.5635555	-0.5424447	0.0028207183	0.05	728.1691091060638
94	0.25108224	0.43363574	1.0	0.0	0.4	0.48989797	1.0	0.0	1.0822511	1.05	23500	0.5680608	0.56807905	-0.54070395	0.0023704036	0.05	736.679468870163
95	0.25108224	0.43363574	1.0	0.0	0.2	0.4	1.0	0.0	1.0822511	1.15	23750	0.5719777	0.57211286	-0.5469008	0.0038258284	0.05	744.0271105766296
96	0.18584071	0.3889781	1.0	0.0	0.35	0.4769696	1.0	0.0	1.1061947	1.15	24000	0.5698822	0.56982607	-0.5482835	0.0030448094	0.05	752.4369115829468
97	0.2236842	0.41671285	1.0	0.0	0.3	0.45825756	1.0	0.0	1.0964912	1.0	24250	0.5723218	0.57229877	-0.54262304	0.0033432448	0.05	759.810268163681
98	0.25751072	0.437263	1.0	0.0	0.15	0.35707143	1.0	0.0	1.0729613	1.0	24500	0.566566	0.56654847	-0.5517146	0.0027297565	0.05	768.2851226329803
99	0.23076923	0.42132506	1.0	0.0	0.2	0.4	1.0	0.0	1.0683761	1.05	24750	0.56479174	0.56483537	-0.5457222	0.0025436466	0.05	775.5239732265472
