Epoch	AverageEpRet	StdEpRet	MaxEpRet	MinEpRet	AverageTestEpRet	StdTestEpRet	MaxTestEpRet	MinTestEpRet	EpLen	TestEpLen	TotalEnvInteracts	AverageQ1Vals	StdQ1Vals	MaxQ1Vals	MinQ1Vals	AverageQ2Vals	StdQ2Vals	MaxQ2Vals	MinQ2Vals	PiEntropy	TargEntropy	Alpha	LossPi	LossQ1	LossQ2	LossAlpha	Time
1	0.0	0.0	0.0	0.0	0.0	0.0	0.0	0.0	7.5	25.0	250	1.397843	0.40855893	2.7014513	-0.18240924	1.397111	0.40843764	2.5353897	-0.14390515	1.5670246	0.16094379	0.9248029	-2.8910048	0.019580714	0.019286003	-0.12294901	15.182777404785156
2	0.0	0.0	0.0	0.0	0.0	0.0	0.0	0.0	15.375	25.0	500	1.2564595	0.319219	1.987885	-0.3442316	1.2566507	0.3195674	1.9855013	-0.26567116	1.5410557	0.16094379	0.56356424	-2.173793	0.007930197	0.0071684294	-0.8049221	28.944685459136963
3	0.0	0.0	0.0	0.0	0.0	0.0	0.0	0.0	17.2	22.6	750	0.9096953	0.20374252	1.6237365	-0.21195266	0.90980434	0.20729358	1.6634856	-0.18596236	1.5435989	0.16094379	0.3432043	-1.4513426	0.0050650313	0.0038779345	-1.4930995	41.76483178138733
4	0.045454547	0.20829889	1.0	0.0	0.1	0.29999998	1.0	0.0	11.545455	18.05	1000	0.61016214	0.14197423	1.1675339	-0.26228398	0.6103462	0.14902632	1.1737076	-0.2438701	1.5466264	0.16094379	0.20827383	-0.9317257	0.0035566369	0.002546318	-2.1879644	53.7595374584198
5	0.028571429	0.16659863	1.0	0.0	0.1	0.29999998	1.0	0.0	7.0	7.15	1250	0.41187945	0.14140712	1.2413901	-0.2287471	0.4120078	0.14604361	1.1962426	-0.29357806	1.4819651	0.16094379	0.1271539	-0.6124148	0.0031562033	0.0028168198	-2.7326694	63.929277658462524
6	0.051282052	0.22057247	1.0	0.0	0.05	0.21794493	1.0	0.0	6.6153846	6.3	1500	0.3057665	0.17424646	1.2143477	-0.25811163	0.3057984	0.1754237	1.2000753	-0.42691576	1.3412713	0.16094379	0.07984079	-0.44386932	0.0030656825	0.002959433	-2.9878259	73.85131525993347
7	0.121212125	0.32637364	1.0	0.0	0.1	0.29999998	1.0	0.0	3.7727273	2.2	1750	0.258307	0.20277247	1.2977808	-0.3328771	0.2583648	0.20411104	1.2906326	-0.20469394	1.1674812	0.16094379	0.052016933	-0.36146432	0.0034208433	0.0031915165	-2.977646	83.18611359596252
8	0.06666667	0.24944381	1.0	0.0	0.1	0.29999998	1.0	0.0	3.3066666	6.7	2000	0.24683008	0.2387836	1.3081694	-0.36959225	0.24690986	0.24104634	1.3332783	-0.3109791	0.9626204	0.16094379	0.035323072	-0.33041677	0.004011905	0.0034823099	-2.6799092	93.49889874458313
9	0.10769231	0.30999142	1.0	0.0	0.1	0.29999998	1.0	0.0	3.8615384	3.45	2250	0.24493875	0.25950134	1.2433337	-0.356167	0.24489707	0.26125005	1.2959721	-0.33798167	0.7864386	0.16094379	0.025062012	-0.3230214	0.0038155953	0.0035553547	-2.3046324	103.17553353309631
10	0.27450982	0.44626695	1.0	0.0	0.3	0.45825756	1.0	0.0	4.9215684	6.55	2500	0.25016725	0.2699923	1.2943761	-0.26392597	0.2502535	0.27086082	1.2174957	-0.26551273	0.6065401	0.16094379	0.018561302	-0.32549366	0.003099883	0.0029032205	-1.7737687	113.36061191558838
11	0.22222222	0.4157397	1.0	0.0	0.1	0.29999998	1.0	0.0	5.4888887	5.85	2750	0.24782941	0.276138	1.2181902	-0.29905576	0.24782458	0.27749404	1.2110273	-0.2768019	0.47754163	0.16094379	0.014460438	-0.32263148	0.0025352268	0.0022533243	-1.339495	123.10284757614136
12	0.18	0.38418746	1.0	0.0	0.35	0.4769696	1.0	0.0	4.94	5.4	3000	0.25353235	0.2826681	1.2722172	-0.26531747	0.25359404	0.28372604	1.2504839	-0.2112894	0.4081269	0.16094379	0.011581561	-0.32706282	0.0022912133	0.0020772105	-1.1014849	132.9670877456665
13	0.19512194	0.39629456	1.0	0.0	0.35	0.4769696	1.0	0.0	6.121951	3.3	3250	0.25309262	0.2873197	1.191902	-0.21320593	0.25313145	0.2883051	1.2127459	-0.20170283	0.36570892	0.16094379	0.009313216	-0.32255158	0.0019958548	0.0018295464	-0.9577716	142.3728575706482
14	0.25641027	0.43665096	1.0	0.0	0.35	0.4769696	1.0	0.0	6.4615383	5.05	3500	0.2528636	0.2900678	1.1505338	-0.28898224	0.25279698	0.290718	1.2066201	-0.24918583	0.32195607	0.16094379	0.0074735982	-0.3233277	0.0017005195	0.0015367813	-0.78823394	151.93581676483154
15	0.24528302	0.43025485	1.0	0.0	0.2	0.4	1.0	0.0	4.6415095	6.45	3750	0.25561172	0.29455018	1.1508491	-0.33647248	0.25568163	0.2949943	1.2002383	-0.27278218	0.3006523	0.16094379	0.006004086	-0.31978732	0.0018300733	0.001712924	-0.7144376	161.86424255371094
16	0.3962264	0.48911256	1.0	0.0	0.55	0.4974937	1.0	0.0	4.8490567	6.15	4000	0.25718018	0.29665965	1.1808286	-0.25926718	0.25711834	0.2968862	1.1897544	-0.23053983	0.27730158	0.16094379	0.0047690137	-0.3191301	0.0017911762	0.0017329986	-0.6210649	171.57309007644653
17	0.5	0.5	1.0	0.0	0.45	0.4974937	1.0	0.0	5.4565215	9.15	4250	0.2601405	0.30022374	1.1968216	-0.21999568	0.2601343	0.30086437	1.2533977	-0.21587028	0.26159602	0.16094379	0.0038246578	-0.3198346	0.0018212536	0.0017181243	-0.5602765	181.87242102622986
18	0.5135135	0.49981737	1.0	0.0	0.4	0.48989797	1.0	0.0	6.675676	7.35	4500	0.25670055	0.3021302	1.2468133	-0.24689817	0.25679797	0.30279934	1.2317187	-0.24901474	0.2593175	0.16094379	0.0029674687	-0.31665978	0.0016171162	0.0015495938	-0.57228285	192.02145767211914
19	0.44444445	0.49690405	1.0	0.0	0.55	0.4974937	1.0	0.0	5.5111113	7.85	4750	0.25874165	0.30366737	1.4428637	-0.20190167	0.2587181	0.30392548	1.4596729	-0.20812222	0.23229496	0.16094379	0.002315786	-0.31682578	0.0015137692	0.0014000175	-0.43298236	202.07756328582764
20	0.6060606	0.48862168	1.0	0.0	0.4	0.48989797	1.0	0.0	7.5454545	4.55	5000	0.25631115	0.30410525	1.4321127	-0.22864299	0.25626013	0.30460384	1.3991141	-0.19715276	0.22888714	0.16094379	0.001821363	-0.3131804	0.0013921405	0.0012474201	-0.42881337	211.5500452518463
21	0.44	0.49638695	1.0	0.0	0.5	0.5	1.0	0.0	5.12	8.6	5250	0.25355902	0.3032512	1.5104336	-0.26232058	0.25365785	0.30366367	1.5504949	-0.27622032	0.22065973	0.16094379	0.0013978925	-0.30980828	0.0013851869	0.0013706964	-0.39221618	221.82143998146057
22	0.4888889	0.49987656	1.0	0.0	0.5	0.5	1.0	0.0	5.3333335	7.8	5500	0.2602376	0.30670473	1.507157	-0.29018405	0.260169	0.30657065	1.4652699	-0.2279458	0.20304297	0.16094379	0.0011107806	-0.31451315	0.0014814296	0.0014886399	-0.28639033	232.06745195388794
23	0.5882353	0.49215293	1.0	0.0	0.65	0.4769696	1.0	0.0	7.470588	6.6	5750	0.25691134	0.30629078	1.4643863	-0.23657954	0.25689238	0.3066517	1.4685599	-0.20499177	0.20215473	0.16094379	0.0008873929	-0.31110993	0.0012931305	0.001227474	-0.28948635	241.77604341506958
24	0.5862069	0.4925123	1.0	0.0	0.5	0.5	1.0	0.0	8.655172	9.25	6000	0.26448834	0.31288838	1.4782653	-0.18711542	0.2645998	0.31335658	1.4934874	-0.19930625	0.19320935	0.16094379	0.00070334197	-0.3173523	0.001241862	0.0011494372	-0.23368974	251.97472715377808
25	0.5869565	0.49238047	1.0	0.0	0.65	0.4769696	1.0	0.0	5.4565215	6.15	6250	0.25965738	0.30599675	1.5501691	-0.18427049	0.25964105	0.30634433	1.5446234	-0.1943821	0.18944158	0.16094379	0.0005864982	-0.3104849	0.0012579856	0.0011340118	-0.21216583	262.0670521259308
26	0.6744186	0.46859163	1.0	0.0	0.7	0.45825756	1.0	0.0	5.7906976	6.35	6500	0.26045635	0.30954424	1.5149803	-0.18121883	0.26047915	0.30960664	1.4532325	-0.18160397	0.18295245	0.16094379	0.00048275662	-0.31213245	0.0011108337	0.0010718199	-0.16793051	271.8172607421875
27	0.6041667	0.48902896	1.0	0.0	0.8	0.4	1.0	0.0	5.2291665	4.95	6750	0.26131916	0.30981115	1.4521353	-0.23232584	0.26127395	0.30983052	1.5123928	-0.1910362	0.16956618	0.16094379	0.00042613948	-0.31354803	0.0011195092	0.001078377	-0.06682614	281.3833785057068
28	0.74418604	0.43631774	1.0	0.0	0.45	0.49749368	1.0	0.0	5.883721	11.05	7000	0.26624268	0.31035188	1.3762225	-0.22713986	0.26629713	0.31038275	1.4039026	-0.18066387	0.16588321	0.16094379	0.0004033941	-0.31968412	0.0009972963	0.0010313975	-0.03856177	292.6913251876831
29	0.76744187	0.42246282	1.0	0.0	0.9	0.29999998	1.0	0.0	5.744186	6.3	7250	0.26966473	0.31211424	1.193857	-0.1688081	0.2695916	0.31208852	1.1571013	-0.16952342	0.15942015	0.16094379	0.00038718144	-0.32192966	0.0010158692	0.0009833239	0.01196629	302.4469449520111
30	0.7804878	0.41391614	1.0	0.0	0.8	0.4	1.0	0.0	6.1463413	5.55	7500	0.27566552	0.31323782	1.3609507	-0.19857636	0.27569917	0.31337556	1.3692083	-0.17041978	0.15126675	0.16094379	0.00042816447	-0.32940924	0.0009081472	0.0008910246	0.075258486	312.0156304836273
31	0.6216216	0.48498267	1.0	0.0	0.85	0.35707143	1.0	0.0	6.675676	6.35	7750	0.27477172	0.3118605	1.3961148	-0.22206853	0.27482477	0.3121223	1.45345	-0.19427875	0.15640119	0.16094379	0.0004542202	-0.32702878	0.0010003088	0.00093279383	0.034995493	322.36488246917725
32	0.95238096	0.21295887	1.0	0.0	0.8	0.4	1.0	0.0	6.0	5.0	8000	0.275002	0.31056207	1.1282283	-0.2215547	0.27496508	0.3106912	1.1590347	-0.15484393	0.14993222	0.16094379	0.00048654954	-0.32723817	0.00093099894	0.0008670709	0.08390386	331.99968552589417
33	0.80487806	0.39629456	1.0	0.0	0.9	0.29999998	1.0	0.0	6.1463413	7.2	8250	0.27825907	0.31208783	1.5389655	-0.19888264	0.2782212	0.3121315	1.5195223	-0.1434722	0.14391604	0.16094379	0.00057007006	-0.33109653	0.0007728878	0.00075298065	0.12717083	341.9106171131134
34	0.7307692	0.4435601	1.0	0.0	0.9	0.29999998	1.0	0.0	4.7115383	5.35	8500	0.27820832	0.3107946	1.4039285	-0.15562402	0.27818128	0.3110792	1.4295582	-0.1363602	0.1394541	0.16094379	0.000702931	-0.33223933	0.00087801117	0.0008357551	0.15603463	351.6636447906494
35	0.84210527	0.36464232	1.0	0.0	0.95	0.21794493	1.0	0.0	6.236842	4.3	8750	0.28166932	0.31265953	1.3321251	-0.19050182	0.28169364	0.31286597	1.3951561	-0.21200272	0.13374697	0.16094379	0.00090935244	-0.3335225	0.0009029529	0.0008530476	0.1903476	361.13958621025085
36	0.92156863	0.2688492	1.0	0.0	0.65	0.4769696	1.0	0.0	5.2156863	4.7	9000	0.28615007	0.31461823	1.5128541	-0.14298794	0.28615674	0.3146209	1.5023429	-0.23023076	0.13110267	0.16094379	0.0012319741	-0.33660233	0.0007284797	0.0007316666	0.1999033	370.6969618797302
37	0.902439	0.29672012	1.0	0.0	0.8	0.4	1.0	0.0	5.8292685	4.9	9250	0.29068205	0.31725478	1.3385154	-0.15333903	0.29065987	0.31722966	1.3865476	-0.1881455	0.13201813	0.16094379	0.0016671553	-0.34179813	0.00071208214	0.0007207457	0.18499395	380.21310687065125
38	0.82608694	0.3790347	1.0	0.0	0.8	0.4	1.0	0.0	5.673913	6.2	9500	0.28937986	0.31583843	1.4022727	-0.18262619	0.28941497	0.31584716	1.3892093	-0.19922046	0.12631491	0.16094379	0.0023076097	-0.3396587	0.00080215523	0.0007982098	0.21036124	389.9557101726532
39	0.8235294	0.38122004	1.0	0.0	0.75	0.4330127	1.0	0.0	4.901961	4.25	9750	0.28953236	0.31668702	1.3794869	-0.19840637	0.2894604	0.31678703	1.4171242	-0.13124737	0.12733392	0.16094379	0.00326154	-0.3375057	0.00082229864	0.000772448	0.19285463	399.40906047821045
40	0.8636364	0.3431743	1.0	0.0	0.9	0.29999998	1.0	0.0	5.75	5.3	10000	0.29036558	0.3146729	1.3121809	-0.14170823	0.29038298	0.3147751	1.3226256	-0.13237894	0.12948588	0.16094379	0.004501879	-0.34086445	0.0007643929	0.0007283711	0.17052661	409.0625674724579
41	0.9268293	0.26041654	1.0	0.0	0.85	0.35707143	1.0	0.0	6.0487804	5.95	10250	0.29287767	0.31521916	1.3573442	-0.12932184	0.29289672	0.31533095	1.3541112	-0.12557018	0.1259294	0.16094379	0.0061458475	-0.34194365	0.0007519562	0.0007251608	0.17858724	418.79854798316956
42	0.8367347	0.36960757	1.0	0.0	0.8	0.4	1.0	0.0	5.0612245	7.35	10500	0.293688	0.31645218	1.2312603	-0.17826386	0.293646	0.31654698	1.2437572	-0.1397368	0.13085517	0.16094379	0.008341406	-0.3437076	0.0006906857	0.0006666344	0.14399618	428.7567915916443
43	0.88372093	0.32055926	1.0	0.0	0.9	0.29999998	1.0	0.0	5.860465	4.5	10750	0.29998744	0.32037073	1.2055078	-0.1744828	0.2999975	0.32049483	1.2158573	-0.13785219	0.13412671	0.16094379	0.011167008	-0.34682843	0.0007174172	0.0006826501	0.1209098	438.24368929862976
44	0.8292683	0.37627435	1.0	0.0	0.9	0.29999998	1.0	0.0	5.634146	6.25	11000	0.2941955	0.31799638	1.2182497	-0.16044939	0.29420218	0.3180047	1.2132803	-0.24503309	0.14921404	0.16094379	0.013597759	-0.34173277	0.0007301965	0.000743836	0.05066631	448.0976450443268
45	0.9111111	0.2845833	1.0	0.0	0.9	0.29999998	1.0	0.0	5.977778	5.35	11250	0.30226004	0.32225117	1.3107266	-0.18650484	0.3022614	0.32233354	1.2510133	-0.16697626	0.15869258	0.16094379	0.0145978	-0.35025042	0.00068902323	0.0006772215	0.009583351	457.9262104034424
46	0.9047619	0.29354352	1.0	0.0	0.85	0.35707143	1.0	0.0	5.9761906	4.8	11500	0.30367687	0.32194552	1.217873	-0.1963881	0.3037238	0.3218592	1.2446642	-0.1860203	0.16954641	0.16094379	0.0141555555	-0.35019025	0.0006767707	0.00067079125	-0.036751937	467.5081903934479
47	0.9347826	0.24690905	1.0	0.0	0.95	0.21794495	1.0	0.0	5.326087	5.55	11750	0.30275294	0.31970385	1.3586977	-0.1777333	0.30275193	0.31978425	1.2800581	-0.20471463	0.1796799	0.16094379	0.012115976	-0.34868163	0.00075179123	0.00074341823	-0.08268718	477.16505885124207
48	0.88372093	0.3205593	1.0	0.0	0.95	0.21794495	1.0	0.0	5.4418607	5.45	12000	0.3039389	0.32031757	1.315353	-0.13178927	0.30390587	0.32030964	1.3301145	-0.19130617	0.17188583	0.16094379	0.0105224075	-0.3526209	0.00066062546	0.0006659014	-0.0499087	486.86481952667236
49	0.90909094	0.2874798	1.0	0.0	0.95	0.21794495	1.0	0.0	6.1136365	7.05	12250	0.30533564	0.32062012	1.3343525	-0.14057964	0.30533737	0.32062554	1.2828716	-0.11163825	0.16664682	0.16094379	0.009485239	-0.35214275	0.00069566525	0.000679201	-0.0264763	496.9267199039459
50	0.9268293	0.26041654	1.0	0.0	0.95	0.21794493	1.0	0.0	5.97561	4.95	12500	0.30475068	0.3193964	1.4225601	-0.12443296	0.30473933	0.31929925	1.4079827	-0.124412745	0.16014935	0.16094379	0.009307512	-0.3494104	0.0006666571	0.000702473	0.0037417635	506.5998182296753
51	0.8684211	0.33803242	1.0	0.0	0.9	0.29999998	1.0	0.0	6.6842103	5.8	12750	0.30718017	0.32262775	1.2731633	-0.12436274	0.3071338	0.3227644	1.2485301	-0.13286754	0.15767133	0.16094379	0.009485452	-0.35190722	0.0006909646	0.00067589735	0.0152542265	516.3005559444427
52	0.8695652	0.33678114	1.0	0.0	0.75	0.4330127	1.0	0.0	5.3913045	5.05	13000	0.3047766	0.3195375	1.1880099	-0.13001278	0.30480698	0.31954318	1.2558744	-0.17801592	0.16506629	0.16094379	0.0094365105	-0.3499534	0.0007219259	0.00069443096	-0.019163495	525.6418602466583
53	0.97727275	0.1490327	1.0	0.0	0.8	0.4	1.0	0.0	5.75	6.2	13250	0.30825108	0.3222534	1.439604	-0.16997483	0.30821484	0.32218966	1.4344862	-0.21025461	0.16070744	0.16094379	0.009437935	-0.3518502	0.00059043756	0.00058871316	0.0011399259	535.3411934375763
54	0.9591837	0.19786449	1.0	0.0	0.9	0.29999998	1.0	0.0	5.0	6.5	13500	0.3099321	0.32324386	1.3096706	-0.15422086	0.30999598	0.32324103	1.3208623	-0.16743344	0.16057211	0.16094379	0.009364588	-0.35353893	0.00059128547	0.00060279906	0.0017585931	545.2549450397491
55	0.8863636	0.3173691	1.0	0.0	0.85	0.35707143	1.0	0.0	5.7045455	7.7	13750	0.3084775	0.3218482	1.5214654	-0.1566996	0.30840966	0.32186583	1.5040635	-0.12565994	0.15920228	0.16094379	0.009409463	-0.3523701	0.00062284217	0.00063033507	0.008143249	555.3659865856171
56	0.88372093	0.32055926	1.0	0.0	0.9	0.29999998	1.0	0.0	5.837209	5.0	14000	0.30712903	0.322037	1.3571495	-0.24340723	0.30718848	0.32201576	1.3433414	-0.22644442	0.16273926	0.16094379	0.009505139	-0.3491958	0.0006175647	0.00061960943	-0.008344787	564.8965148925781
57	0.8888889	0.3142697	1.0	0.0	1.0	0.0	1.0	1.0	5.6444445	5.05	14250	0.31320393	0.32585818	1.326604	-0.19587854	0.3131892	0.3257575	1.342952	-0.28464097	0.16945206	0.16094379	0.008958143	-0.35325682	0.00060323876	0.00062291865	-0.04007466	574.3395149707794
58	0.9459459	0.22612432	1.0	0.0	0.95	0.21794493	1.0	0.0	6.783784	5.35	14500	0.31145045	0.32493824	1.2238755	-0.15308651	0.311436	0.32498983	1.2397017	-0.1529845	0.16568631	0.16094379	0.008259426	-0.35192767	0.0007382132	0.0007180402	-0.022660526	583.8911769390106
59	0.875	0.3307189	1.0	0.0	0.95	0.21794493	1.0	0.0	5.2291665	5.75	14750	0.31066877	0.3235473	1.1786708	-0.11262135	0.3106573	0.3235642	1.188565	-0.13296947	0.15841445	0.16094379	0.008267698	-0.35112303	0.0006559596	0.00064498413	0.012153042	593.4297494888306
60	0.9791667	0.14282614	1.0	0.0	0.95	0.21794493	1.0	0.0	5.1875	5.35	15000	0.31041887	0.32377124	1.3295088	-0.16038263	0.31039852	0.32388973	1.3343673	-0.13724533	0.15661734	0.16094379	0.008592253	-0.35217187	0.0006515709	0.00064688304	0.020620685	603.1078584194183
61	0.95454544	0.20829889	1.0	0.0	0.85	0.35707143	1.0	0.0	5.6363635	3.9	15250	0.31242362	0.32446873	1.1998718	-0.112284616	0.31241974	0.32442364	1.2460849	-0.11566182	0.15627825	0.16094379	0.009017661	-0.35091943	0.0006342548	0.00063702714	0.022019314	612.3434066772461
62	0.95454544	0.2082989	1.0	0.0	0.95	0.21794493	1.0	0.0	5.7272725	3.85	15500	0.31549585	0.32588807	1.3201742	-0.1161455	0.31551337	0.32585022	1.3072748	-0.113859296	0.15558882	0.16094379	0.009614052	-0.3551755	0.0005600201	0.00056562433	0.025000889	621.7198979854584
63	0.8947368	0.3068922	1.0	0.0	0.95	0.21794493	1.0	0.0	6.5526314	5.3	15750	0.31762964	0.32766423	1.4650078	-0.115467705	0.3176884	0.32770962	1.4783103	-0.104561694	0.153703	0.16094379	0.010216791	-0.35621735	0.0006056303	0.00059459556	0.033302452	631.3311898708344
64	0.8	0.4	1.0	0.0	0.95	0.21794495	1.0	0.0	5.577778	5.55	16000	0.32042277	0.32682213	1.1536663	-0.18432316	0.32036707	0.32685006	1.1396261	-0.16671324	0.16128796	0.16094379	0.010640987	-0.35816023	0.0005585605	0.00054751185	-0.0015344849	640.9297525882721
65	0.8863636	0.3173691	1.0	0.0	0.95	0.21794495	1.0	0.0	5.659091	6.2	16250	0.31880206	0.32678345	1.346805	-0.17034668	0.31881806	0.3267619	1.3493751	-0.1098403	0.16508923	0.16094379	0.010042548	-0.35623536	0.00059461227	0.0005908458	-0.018955613	650.6432678699493
66	0.9047619	0.29354352	1.0	0.0	0.95	0.21794495	1.0	0.0	5.952381	4.2	16500	0.31674173	0.32398176	1.2899278	-0.1800011	0.31676432	0.32410464	1.2633747	-0.19732441	0.16088288	0.16094379	0.010036844	-0.3548447	0.00063654804	0.0006259507	0.00029998875	659.943398475647
67	0.9574468	0.20184751	1.0	0.0	1.0	0.0	1.0	1.0	5.191489	5.25	16750	0.31985745	0.32716954	1.2488399	-0.14903387	0.31977695	0.3271014	1.2290275	-0.14173615	0.15705909	0.16094379	0.01023756	-0.35825586	0.0005688901	0.0005528597	0.017824417	669.5330493450165
68	0.9148936	0.27903995	1.0	0.0	0.8	0.4	1.0	0.0	5.4468083	9.0	17000	0.32442316	0.32967296	1.3503326	-0.119693436	0.324529	0.32971358	1.3313991	-0.1169079	0.16419467	0.16094379	0.010351563	-0.35922858	0.0006333485	0.00061569223	-0.014849973	679.9306042194366
69	0.9230769	0.26646933	1.0	0.0	1.0	0.0	1.0	1.0	6.25641	5.5	17250	0.3195077	0.32566497	1.3991592	-0.18227349	0.31940544	0.32578027	1.451698	-0.30241248	0.1646695	0.16094379	0.0099454	-0.35775676	0.0005746568	0.00055697525	-0.017165408	689.5876019001007
70	0.85365856	0.3534482	1.0	0.0	0.95	0.21794493	1.0	0.0	6.292683	5.1	17500	0.32041657	0.3294627	1.435806	-0.102241084	0.32042882	0.32942104	1.4215902	-0.17517993	0.1623898	0.16094379	0.009703615	-0.35616288	0.0005391628	0.0005413054	-0.006659657	699.1497776508331
71	0.9285714	0.2575394	1.0	0.0	0.95	0.21794493	1.0	0.0	5.952381	6.75	17750	0.3199269	0.32578316	1.2810849	-0.13238467	0.31990284	0.32577538	1.2614293	-0.13597357	0.15825324	0.16094379	0.009603507	-0.35603535	0.0005899465	0.00059172144	0.012494694	708.8582928180695
72	0.9148936	0.27903992	1.0	0.0	0.9	0.29999998	1.0	0.0	5.2340426	5.25	18000	0.321325	0.32948583	1.4807692	-0.1650462	0.32139573	0.3294219	1.480046	-0.11135494	0.15730497	0.16094379	0.010078682	-0.35755965	0.0005722674	0.0005577897	0.016766775	718.5149149894714
73	0.95555556	0.2060804	1.0	0.0	0.95	0.21794493	1.0	0.0	5.3555555	6.25	18250	0.32633635	0.32984692	1.2612784	-0.19132024	0.32630405	0.32993737	1.2513406	-0.14003181	0.16078678	0.16094379	0.010281397	-0.36059955	0.00056678645	0.0005591766	0.00074056815	728.2357006072998
74	0.9361702	0.24444951	1.0	0.0	0.95	0.21794495	1.0	0.0	5.4680853	7.2	18500	0.31861004	0.3285693	1.3821348	-0.084563345	0.3186653	0.32864398	1.4545971	-0.10600422	0.16409634	0.16094379	0.010013675	-0.35427004	0.0005634137	0.0005657056	-0.014464133	738.2537088394165
75	1.0	0.0	1.0	1.0	0.85	0.35707143	1.0	0.0	5.75	7.4	18750	0.3202472	0.32679802	1.2864525	-0.11053054	0.32022685	0.3266613	1.2459265	-0.11071189	0.16276109	0.16094379	0.009967631	-0.35482475	0.00058988575	0.0005912794	-0.008363331	748.1393678188324
76	0.97619045	0.15245534	1.0	0.0	0.95	0.21794493	1.0	0.0	5.9761906	5.45	19000	0.32532704	0.33193818	1.2691483	-0.14510015	0.325294	0.33195293	1.2389022	-0.092167854	0.16579153	0.16094379	0.009536368	-0.35823706	0.00055244385	0.00056614063	-0.022529354	757.6552941799164
77	0.9782609	0.14583053	1.0	0.0	1.0	0.0	1.0	1.0	5.478261	5.9	19250	0.32107908	0.32769802	1.4409494	-0.121042505	0.32111144	0.3276525	1.423322	-0.12462486	0.1570242	0.16094379	0.0094580725	-0.35615888	0.00054003	0.00052985636	0.018288841	767.3302149772644
78	0.975	0.15612495	1.0	0.0	0.8	0.4	1.0	0.0	6.05	6.35	19500	0.32333714	0.3285645	1.3799593	-0.11998375	0.3232818	0.3286452	1.4108148	-0.1418956	0.15864614	0.16094379	0.00980073	-0.35578588	0.000565225	0.00057238527	0.010662028	777.0246078968048
79	0.902439	0.29672012	1.0	0.0	0.95	0.21794495	1.0	0.0	6.219512	6.05	19750	0.32609925	0.330083	1.231897	-0.098721646	0.3260926	0.33007285	1.2430903	-0.09793208	0.16084577	0.16094379	0.0099947695	-0.35873768	0.0005214822	0.0005382477	0.00048180722	786.6434178352356
80	0.9318182	0.25205764	1.0	0.0	0.9	0.29999998	1.0	0.0	5.5227275	5.15	20000	0.32592285	0.3318214	1.4623477	-0.14171205	0.32591859	0.3317959	1.4612936	-0.12458028	0.15971127	0.16094379	0.010092659	-0.36039874	0.0005868474	0.00058873446	0.0057178643	796.1854622364044
81	0.9318182	0.2520576	1.0	0.0	1.0	0.0	1.0	1.0	5.8863635	4.9	20250	0.3224665	0.3277171	1.4382658	-0.10841662	0.3224682	0.3277388	1.4479262	-0.10930367	0.16497496	0.16094379	0.009868094	-0.35527977	0.00053471944	0.00053497124	-0.01860912	805.783741235733
82	0.9777778	0.14740555	1.0	0.0	0.95	0.21794493	1.0	0.0	5.5333333	3.95	20500	0.3228241	0.32705206	1.4842012	-0.09805624	0.3228242	0.32707486	1.4786477	-0.14525862	0.1650116	0.16094379	0.009398341	-0.35442898	0.00057291903	0.0005676465	-0.0189455	815.1982975006104
83	1.0	0.0	1.0	1.0	0.9	0.29999998	1.0	0.0	5.604651	6.25	20750	0.3198227	0.327459	1.3784746	-0.096450225	0.3198729	0.32746163	1.3454894	-0.08893937	0.16489886	0.16094379	0.009048851	-0.35152137	0.0005956667	0.0005624311	-0.01858281	825.1584239006042
84	0.96	0.1959592	1.0	0.0	0.85	0.35707143	1.0	0.0	5.22	6.8	21000	0.32372114	0.32739085	1.4255284	-0.14483047	0.32370332	0.32734126	1.4860543	-0.18053538	0.15762973	0.16094379	0.008919499	-0.35472545	0.0006024797	0.0005991237	0.015628638	835.1712515354156
85	0.9782609	0.14583053	1.0	0.0	0.95	0.21794493	1.0	0.0	5.3913045	6.7	21250	0.32573506	0.33122692	1.4876121	-0.0992765	0.32573584	0.33126584	1.4944634	-0.09104392	0.1617139	0.16094379	0.009234872	-0.3564283	0.0005319679	0.00053641794	-0.0035901961	845.093010187149
86	0.92105263	0.2696566	1.0	0.0	0.85	0.35707143	1.0	0.0	6.5	6.45	21500	0.32889593	0.33361116	1.4292068	-0.12201765	0.32891235	0.33344477	1.412192	-0.124987856	0.15828563	0.16094379	0.00920162	-0.35934448	0.0006114285	0.0006077218	0.012481037	854.8863854408264
87	0.9583333	0.19982632	1.0	0.0	0.9	0.29999998	1.0	0.0	5.2916665	5.35	21750	0.32869762	0.33168307	1.5152957	-0.10047346	0.32873338	0.33181778	1.4915788	-0.11381015	0.15589643	0.16094379	0.009630835	-0.35977557	0.0004580787	0.00046315303	0.023473565	864.6068735122681
88	0.9787234	0.1443049	1.0	0.0	1.0	0.0	1.0	1.0	5.255319	6.65	22000	0.32806566	0.33171794	1.4588869	-0.10874538	0.3280516	0.33163324	1.4929596	-0.12628886	0.15333924	0.16094379	0.0103508225	-0.360065	0.0005359865	0.0005430367	0.034852263	874.4621405601501
89	0.9302326	0.2547547	1.0	0.0	0.95	0.21794493	1.0	0.0	5.883721	6.95	22250	0.32328492	0.328304	1.4595201	-0.09728499	0.32330528	0.3283685	1.4745458	-0.12144441	0.1654958	0.16094379	0.010516646	-0.3543697	0.00051890005	0.00051695656	-0.020738712	884.2914803028107
90	0.9756098	0.15425743	1.0	0.0	0.9	0.29999998	1.0	0.0	6.0487804	6.4	22500	0.32860783	0.3295566	1.4968398	-0.12183255	0.32859212	0.32966483	1.4852977	-0.16498366	0.16223603	0.16094379	0.010085439	-0.35990626	0.0005373561	0.0005244072	-0.0058979928	894.0296890735626
91	1.0	0.0	1.0	1.0	0.95	0.21794493	1.0	0.0	6.0238094	4.45	22750	0.3304744	0.33193892	1.1261742	-0.09714204	0.33045137	0.3320067	1.129822	-0.11935051	0.16695938	0.16094379	0.009785947	-0.36110553	0.00049190916	0.00048725455	-0.02783397	903.4465847015381
92	0.9347826	0.24690908	1.0	0.0	0.95	0.21794493	1.0	0.0	5.4347825	5.4	23000	0.3309926	0.3334483	1.2191123	-0.21271718	0.3309743	0.33334088	1.2107857	-0.11599973	0.1624357	0.16094379	0.009412023	-0.36198974	0.0005209056	0.00052575534	-0.0069375867	913.0374090671539
93	0.9375	0.24206147	1.0	0.0	0.85	0.35707143	1.0	0.0	5.1666665	4.6	23250	0.32963654	0.33024722	1.2950393	-0.12091768	0.32964176	0.33021808	1.2688483	-0.09639288	0.16343741	0.16094379	0.009268371	-0.3587102	0.0005454443	0.0005421524	-0.011657469	922.5520684719086
94	0.9183673	0.27380425	1.0	0.0	0.95	0.21794493	1.0	0.0	5.020408	4.75	23500	0.3274834	0.33154604	1.2285928	-0.13223423	0.32749334	0.3315991	1.2403595	-0.106542245	0.16249472	0.16094379	0.009023789	-0.35744685	0.00055158784	0.00052831124	-0.007280981	932.1234381198883
95	0.8888889	0.3142697	1.0	0.0	0.95	0.21794495	1.0	0.0	5.6222224	4.65	23750	0.32995477	0.33230954	1.4115746	-0.11479665	0.3299412	0.332293	1.435311	-0.12560782	0.16212091	0.16094379	0.008784077	-0.3597118	0.0005196466	0.00051522884	-0.0055334503	941.6244125366211
96	0.95555556	0.2060804	1.0	0.0	1.0	0.0	1.0	1.0	5.4888887	4.85	24000	0.33467358	0.3325398	1.2016128	-0.23434107	0.33468023	0.33250278	1.181862	-0.11900623	0.15876335	0.16094379	0.008888086	-0.3634071	0.0005785538	0.00057239435	0.01031422	951.2109899520874
97	0.93877554	0.23974162	1.0	0.0	0.9	0.29999998	1.0	0.0	5.2040815	5.25	24250	0.33599335	0.33422804	1.4732087	-0.12368801	0.3360056	0.33424008	1.4745593	-0.14096297	0.16038133	0.16094379	0.008983658	-0.36513507	0.0004639651	0.0004625284	0.0026703768	960.9045479297638
98	0.9782609	0.14583053	1.0	0.0	0.95	0.21794493	1.0	0.0	5.0	6.45	24500	0.33338037	0.3328483	1.4233713	-0.13546984	0.3333982	0.33276376	1.4800289	-0.18965061	0.16033405	0.16094379	0.009050305	-0.36204895	0.00048112773	0.0004883945	0.002890447	970.6083288192749
99	0.9347826	0.24690908	1.0	0.0	0.9	0.29999998	1.0	0.0	5.869565	6.45	24750	0.3355378	0.33301097	1.3529394	-0.115588665	0.33550134	0.333102	1.3385539	-0.101104274	0.16445315	0.16094379	0.008990316	-0.36455044	0.0005328386	0.0005291041	-0.016520046	980.5507171154022
