Epoch	AverageEpRet	StdEpRet	MaxEpRet	MinEpRet	AverageTestEpRet	StdTestEpRet	MaxTestEpRet	MinTestEpRet	EpLen	TestEpLen	TotalEnvInteracts	AverageQ1Vals	StdQ1Vals	MaxQ1Vals	MinQ1Vals	AverageQ2Vals	StdQ2Vals	MaxQ2Vals	MinQ2Vals	LogPPi	TargEntropy	Alpha	LossPi	LossQ1	LossQ2	LossAlpha	Time
1	0.21052632	0.40768245	1.0	0.0	0.0	0.0	0.0	0.0	13.0	25.0	250	-6.805702	4.5619717	3.0314627	-22.405674	-6.8028245	4.5655766	3.1621828	-22.223764	1.3693047	-6.0	0.94071335	8.427097	7.616449	7.605353	-0.7297385	299.2363471984863
2	0.10714286	0.3092948	1.0	0.0	0.0	0.0	0.0	0.0	8.5	25.0	500	-1.3395222	1.070702	1.8341157	-3.9296768	-1.3398364	1.0702921	1.931462	-4.1375504	-1.8836353	-6.0	0.5506018	0.3188084	0.07497582	0.077054955	-4.796971	605.180180311203
3	0.23809524	0.42591769	1.0	0.0	0.0	0.0	0.0	0.0	12.571428	25.0	750	0.2950599	0.510632	2.0903096	-1.543069	0.29472056	0.5142528	2.200818	-1.5674763	-1.9394168	-6.0	0.3257954	-0.8811267	0.031765025	0.033048604	-8.995267	901.443282365799
4	0.083333336	0.2763854	1.0	0.0	0.0	0.0	0.0	0.0	20.666666	25.0	1000	1.0325828	0.28222942	2.277867	-0.05598847	1.0323095	0.2864659	2.3011713	-0.041812167	-1.9469553	-6.0	0.19493158	-1.3999004	0.019991841	0.020426745	-13.076303	1176.3482110500336
5	0.0	0.0	0.0	0.0	0.0	0.0	0.0	0.0	23.4	25.0	1250	1.309562	0.25252008	2.2908614	0.038628854	1.3095884	0.25403884	2.2917478	0.030830828	-1.8405913	-6.0	0.11772162	-1.540397	0.013632487	0.014172894	-16.851673	1464.9729702472687
6	0.09090909	0.2874798	1.0	0.0	0.0	0.0	0.0	0.0	23.181818	25.0	1500	1.36901	0.24585196	2.117285	0.024465425	1.3690448	0.24552642	2.1909811	0.035495445	-1.7237202	-6.0	0.07162323	-1.5137622	0.00987302	0.010113754	-20.436531	1728.6075475215912
7	0.0	0.0	0.0	0.0	0.0	0.0	0.0	0.0	24.1	25.0	1750	1.3079659	0.22400807	1.9285681	-0.036581386	1.3079305	0.22379942	1.9935849	-0.03849353	-1.5869327	-6.0	0.043782335	-1.3966376	0.007725947	0.007985601	-23.804556	1995.2563161849976
8	0.0	0.0	0.0	0.0	0.0	0.0	0.0	0.0	25.0	25.0	2000	1.1968464	0.19227995	1.7808992	-0.107975125	1.1967322	0.19159868	1.7877364	-0.088619664	-1.4669238	-6.0	0.026858047	-1.248975	0.006019664	0.006275088	-27.074335	2260.0831871032715
9	0.0	0.0	0.0	0.0	0.0	0.0	0.0	0.0	25.0	25.0	2250	1.0653877	0.16336489	1.5695767	-0.19083281	1.0654273	0.16299827	1.572066	-0.18049046	-1.2398747	-6.0	0.016543468	-1.0946723	0.004549488	0.004961234	-29.752258	2524.4693343639374
10	0.09090909	0.2874798	1.0	0.0	0.0	0.0	0.0	0.0	24.09091	25.0	2500	0.9392478	0.13869487	1.3923538	0.016456086	0.9393093	0.13896164	1.3849711	0.025534319	-1.0948229	-6.0	0.01024455	-0.95417136	0.0037383914	0.0041090087	-32.562973	2812.9103269577026
11	0.083333336	0.2763854	1.0	0.0	0.0	0.0	0.0	0.0	19.833334	25.0	2750	0.82006806	0.11796568	1.2598405	-0.041533977	0.81984705	0.11935281	1.210389	-0.0042246683	-0.7908944	-6.0	0.0063676788	-0.824863	0.0036982587	0.0040345145	-34.39753	3094.2062277793884
12	0.3125	0.4635124	1.0	0.0	0.4	0.48989797	1.0	0.0	15.625	11.4	3000	0.71388394	0.10463918	1.1499377	-0.13615268	0.7138745	0.10527132	1.0931537	-0.055494536	0.73494285	-6.0	0.004060662	-0.72180116	0.0033524118	0.003814311	-28.911465	3342.8978731632233
13	0.3809524	0.48562092	1.0	0.0	0.0	0.0	0.0	0.0	6.452381	2.2	3250	0.62553287	0.09183734	1.0549853	-0.04686282	0.6254296	0.091321915	1.0598303	-0.038834743	2.1002922	-6.0	0.0029184942	-0.62826884	0.0043640146	0.004753129	-22.799362	3593.037666082382
14	0.45	0.49749368	1.0	0.0	0.2	0.40000004	1.0	0.0	4.0	6.0	3500	0.5666176	0.09453143	1.1021984	-0.16312307	0.5666362	0.0939502	1.0568993	-0.17279401	4.3206487	-6.0	0.0022441251	-0.58387345	0.006039839	0.00671678	-10.233555	3877.319368839264
15	0.5681818	0.4953294	1.0	0.0	0.4	0.48989797	1.0	0.0	5.909091	6.0	3750	0.571001	0.11206035	1.2584773	-0.1103277	0.57097983	0.11003836	1.1369258	-0.053435206	5.847414	-6.0	0.0020382137	-0.60361373	0.0057335277	0.0065306826	-0.9433891	4156.031540155411
16	0.69512194	0.46035576	1.0	0.0	1.0	0.0	1.0	1.0	3.0365853	3.2	4000	0.5971517	0.1333899	1.167269	-0.15314117	0.59709644	0.1302281	1.1674207	-0.1496563	5.666528	-6.0	0.00200218	-0.63325393	0.007034631	0.007979981	-2.0740418	4466.390142440796
17	0.530303	0.4990809	1.0	0.0	1.0	0.0	1.0	1.0	3.8030303	1.6	4250	0.62622076	0.1355589	1.3203118	-0.19266383	0.6263076	0.13054596	1.3346366	-0.14132145	5.5334496	-6.0	0.0018453969	-0.66344994	0.0076220157	0.00843369	-2.9366772	4739.400461435318
18	0.7288136	0.44457212	1.0	0.0	0.8	0.40000004	1.0	0.0	2.1016948	1.6	4500	0.65268564	0.14548357	1.293506	-0.24881342	0.6529232	0.13859174	1.3001473	-0.07574533	5.7418494	-6.0	0.0017293339	-0.6880548	0.008320127	0.009076215	-1.6447145	5081.2945692539215
19	0.682243	0.46560445	1.0	0.0	0.8	0.4	1.0	0.0	2.3551402	2.2	4750	0.68103135	0.15646254	1.3099809	-0.19330457	0.68091756	0.15077187	1.3968209	-0.12108678	6.214535	-6.0	0.0017164049	-0.71627796	0.008980257	0.009715239	1.3700131	5417.244840860367
20	0.6636364	0.47246498	1.0	0.0	0.6	0.48989794	1.0	0.0	2.2636364	1.6	5000	0.6881024	0.17462781	1.4194314	-0.24333149	0.6882754	0.168668	1.2689242	-0.19926806	5.9687724	-6.0	0.0017166857	-0.7152455	0.009305331	0.009636305	-0.19726856	5774.074830532074
21	0.6818182	0.4657705	1.0	0.0	0.8	0.4	1.0	0.0	2.2818182	1.2	5250	0.69540155	0.18790251	1.3958764	-0.17752995	0.69529486	0.18497919	1.4693785	-0.2313376	5.952065	-6.0	0.0017021046	-0.7197058	0.009023749	0.009090384	-0.30395192	6104.353108167648
22	0.6698113	0.47028086	1.0	0.0	0.4	0.48989797	1.0	0.0	2.3301888	3.2	5500	0.69775754	0.20565102	1.5719701	-0.1969632	0.697843	0.20542121	1.6282278	-0.15665399	6.3631077	-6.0	0.0017802545	-0.72005445	0.008726423	0.008296045	2.2888691	6439.398968696594
23	0.67741936	0.46746376	1.0	0.0	0.8	0.4	1.0	0.0	2.032258	2.2	5750	0.6963344	0.217012	1.4067035	-0.2662656	0.6965593	0.21666996	1.5169042	-0.27853253	6.26192	-6.0	0.0021567214	-0.71215415	0.008328564	0.008270685	1.6125882	6791.261861085892
24	0.60169494	0.48954895	1.0	0.0	0.8	0.40000004	1.0	0.0	2.118644	2.0	6000	0.6995048	0.22250885	1.5303777	-0.23496549	0.6992437	0.22078462	1.4967487	-0.3164387	5.8997326	-6.0	0.0023092641	-0.7190065	0.008055541	0.008471896	-0.6092456	7128.258978366852
25	0.76744187	0.42246288	1.0	0.0	0.6	0.48989794	1.0	0.0	2.7325583	3.0	6250	0.70956665	0.22915858	1.6657463	-0.30397397	0.7094368	0.22760288	1.6493083	-0.2751056	5.807801	-6.0	0.0019698439	-0.72772646	0.00665496	0.0068466505	-1.187131	7448.073658704758
26	0.7625	0.42555112	1.0	0.0	0.6	0.48989794	1.0	0.0	3.3	2.4	6500	0.71658635	0.24163607	1.7922924	-0.2841631	0.7166755	0.24043997	1.7672968	-0.21918358	6.026029	-6.0	0.0019262923	-0.73712	0.0059393006	0.00607434	0.16384777	7743.571091413498
27	0.71910113	0.44943818	1.0	0.0	0.6	0.48989797	1.0	0.0	2.6853933	1.2	6750	0.7171012	0.24655673	1.4160099	-0.26125264	0.7171532	0.24548146	1.3715134	-0.31858134	5.883948	-6.0	0.0019446573	-0.7378879	0.005209854	0.0051732017	-0.7250939	8048.594664812088
28	0.6886792	0.46303362	1.0	0.0	1.0	0.0	1.0	1.0	2.471698	1.8	7000	0.7252176	0.25130907	1.4183687	-0.2589828	0.72518873	0.24962151	1.3891369	-0.32123595	6.0039787	-6.0	0.0018831121	-0.74712527	0.005532156	0.006038414	0.026758423	8377.097111940384
29	0.6826923	0.46542832	1.0	0.0	1.0	0.0	1.0	1.0	2.4038463	1.8	7250	0.72831035	0.24907222	1.72441	-0.30190438	0.72831374	0.24920093	1.7089611	-0.3454513	5.969582	-6.0	0.0018723821	-0.74629307	0.0057849903	0.005607817	-0.18915649	8702.184918165207
30	0.7887324	0.40820777	1.0	0.0	0.6	0.48989794	1.0	0.0	3.5352113	8.2	7500	0.7267294	0.2525747	1.3086573	-0.27527413	0.72680616	0.25330165	1.3812457	-0.3825617	5.896799	-6.0	0.0017564365	-0.75001097	0.005139035	0.004791692	-0.65204394	9034.999199151993
31	0.8045977	0.3965101	1.0	0.0	0.6	0.48989794	1.0	0.0	2.8390806	2.4	7750	0.73095375	0.25532153	1.7213727	-0.27171847	0.73097384	0.25523573	1.699109	-0.2552838	5.830666	-6.0	0.0016004443	-0.7556798	0.004417962	0.004535697	-1.0879058	9347.136940717697
32	0.734375	0.44166544	1.0	0.0	1.0	0.0	1.0	1.0	3.859375	2.0	8000	0.7325362	0.2580167	1.719848	-0.28239346	0.73240286	0.25772628	1.7192912	-0.3592057	5.992618	-6.0	0.0014363935	-0.7575259	0.0043887785	0.004407243	-0.045798402	9629.280220985413
33	0.7195122	0.44923759	1.0	0.0	1.0	0.0	1.0	1.0	3.109756	2.6	8250	0.73123777	0.26264033	1.6459582	-0.25995257	0.73137194	0.26363337	1.7016798	-0.39808285	6.132423	-6.0	0.0016026254	-0.75493616	0.0047751693	0.0044684215	0.8555059	9929.5192861557
34	0.83505154	0.371134	1.0	0.0	1.0	0.0	1.0	1.0	2.5670104	2.8	8500	0.73150927	0.26692885	1.7557501	-0.48999923	0.7313521	0.26701623	1.825256	-0.29801914	5.8483214	-6.0	0.0016018833	-0.755276	0.0045824633	0.004469994	-0.97755796	10244.00681591034
35	0.86315787	0.34368056	1.0	0.0	0.8	0.40000004	1.0	0.0	2.6421053	6.2	8750	0.7365162	0.26862293	1.6283162	-0.27596515	0.7366162	0.26887453	1.7132914	-0.35139582	6.1931424	-6.0	0.0016166203	-0.7628231	0.0040417314	0.004018908	1.2454978	10592.004627227783
36	0.875	0.3307189	1.0	0.0	1.0	0.0	1.0	1.0	3.1375	1.8	9000	0.7434528	0.27131373	1.7534097	-0.34672862	0.7434327	0.27115148	1.8150289	-0.38226274	6.052779	-6.0	0.0017777857	-0.7744639	0.003410698	0.003362543	0.33652264	10881.813164710999
37	0.8795181	0.32552424	1.0	0.0	1.0	0.0	1.0	1.0	2.7831326	3.0	9250	0.74335253	0.27200335	1.7637414	-0.35380787	0.7434333	0.27231354	1.7658024	-0.47966966	6.043324	-6.0	0.0017887935	-0.7702639	0.003683234	0.0035479956	0.27503052	11183.693403244019
38	0.87356323	0.332341	1.0	0.0	0.6	0.48989794	1.0	0.0	3.0	4.6	9500	0.74667764	0.26989627	1.8167788	-0.3695655	0.74674004	0.27059656	1.8003442	-0.31322926	5.901123	-6.0	0.0017352772	-0.7742865	0.0037175135	0.0034389868	-0.62577087	11489.48525094986
39	0.8313253	0.37446433	1.0	0.0	0.8	0.40000004	1.0	0.0	3.1084337	5.8	9750	0.7392515	0.27384123	1.7712306	-0.4813287	0.73943496	0.27338597	1.7138642	-0.39525354	6.008478	-6.0	0.0017034123	-0.7692344	0.0036166874	0.0036968088	0.055052277	11798.885530948639
40	0.8041237	0.3968737	1.0	0.0	0.6	0.48989794	1.0	0.0	2.5670104	2.0	10000	0.7439136	0.27050844	1.8480296	-0.36137423	0.7436111	0.27054182	1.8184114	-0.4088117	5.8863163	-6.0	0.0016137979	-0.77151877	0.0040526153	0.00409733	-0.7274495	12135.947160959244
41	0.84782606	0.35918936	1.0	0.0	0.8	0.4	1.0	0.0	2.6304348	2.2	10250	0.752213	0.26464733	1.839445	-0.43005764	0.7524359	0.26525855	1.8975644	-0.35105705	6.1195135	-6.0	0.0016732332	-0.7794121	0.0040080436	0.0038496319	0.76766545	12444.004519224167
42	0.8235294	0.38122004	1.0	0.0	1.0	0.0	1.0	1.0	3.0470588	2.6	10500	0.7552776	0.26073784	1.8781159	-0.4294674	0.7552869	0.2602187	1.9503534	-0.42739308	5.9858336	-6.0	0.0017031587	-0.7807589	0.003847185	0.0038417478	-0.08928194	12748.963073730469
43	0.88461536	0.31948555	1.0	0.0	0.8	0.4	1.0	0.0	3.2051282	3.2	10750	0.7515204	0.26514617	1.9043343	-0.53900474	0.7513735	0.26597235	1.9504174	-0.42323092	5.960094	-6.0	0.0017077806	-0.7802153	0.0039912886	0.004002263	-0.25423694	13042.013540267944
44	0.89041096	0.31237683	1.0	0.0	0.6	0.48989794	1.0	0.0	3.4246576	1.4	11000	0.75689036	0.25941768	1.3905482	-0.3216076	0.75684613	0.25997272	1.5218682	-0.32630938	5.9491405	-6.0	0.00161239	-0.78639793	0.0037504977	0.0035521311	-0.32645923	13321.92541718483
45	0.88	0.32496154	1.0	0.0	0.8	0.4	1.0	0.0	3.3333333	2.4	11250	0.75884336	0.26190528	1.5594755	-0.3506018	0.75890195	0.26199648	1.5934869	-0.3881125	6.0473614	-6.0	0.0016409032	-0.78916067	0.00331426	0.0033144366	0.305603	13631.532959461212
46	0.9183673	0.27380425	1.0	0.0	1.0	0.0	1.0	1.0	2.5306122	3.6	11500	0.7614185	0.25936967	1.5194855	-0.39811084	0.7613087	0.25851718	1.5759305	-0.3236882	6.0119796	-6.0	0.0016416332	-0.792969	0.0032373157	0.0035096223	0.07752069	13949.684614658356
47	0.8875	0.3159806	1.0	0.0	0.8	0.4	1.0	0.0	3.1375	3.2	11750	0.7658991	0.25799742	1.7077847	-0.3678527	0.7660349	0.25655466	1.8038665	-0.37525517	6.066259	-6.0	0.0016515243	-0.7967867	0.0028502531	0.0029838465	0.42366987	14248.814934968948
48	0.9	0.29999998	1.0	0.0	1.0	0.0	1.0	1.0	3.1	2.0	12000	0.7695636	0.25416037	1.8932498	-0.4145234	0.7694348	0.25373608	1.8601245	-0.39076683	6.0030117	-6.0	0.0017123554	-0.7968199	0.0032208075	0.0033374343	0.020088378	14541.445878744125
49	0.8888889	0.31426966	1.0	0.0	1.0	0.0	1.0	1.0	2.5353534	2.2	12250	0.7658844	0.26052585	1.6665069	-0.7249991	0.76587343	0.26095152	1.5675796	-0.5750573	5.906248	-6.0	0.0016697001	-0.7963457	0.0030055407	0.002836156	-0.5979916	14856.9087433815
50	0.8625	0.34437445	1.0	0.0	0.8	0.4	1.0	0.0	3.1375	2.8	12500	0.7740168	0.25178814	1.4012727	-0.46300635	0.7740963	0.25265947	1.6238256	-0.49457386	6.121418	-6.0	0.0016894765	-0.79991776	0.0032758317	0.0030764842	0.77528423	15176.339967489243
51	0.88095236	0.32384452	1.0	0.0	0.8	0.4	1.0	0.0	2.9285715	7.2	12750	0.773622	0.2513136	1.7175274	-0.3670395	0.7735453	0.25086775	1.7300608	-0.35480443	6.032165	-6.0	0.0017771332	-0.80042344	0.003100912	0.003196279	0.20387726	15490.436714172363
52	0.91358024	0.28098288	1.0	0.0	1.0	0.0	1.0	1.0	3.1234567	2.2	13000	0.77664495	0.24823757	1.8470035	-0.49071726	0.7766798	0.24843751	1.7672435	-0.46190456	5.956803	-6.0	0.0017724491	-0.801967	0.0030628128	0.003071886	-0.27243438	15784.651882648468
53	0.85555553	0.35153982	1.0	0.0	1.0	0.0	1.0	1.0	2.788889	2.0	13250	0.7774876	0.24673611	1.8803241	-0.3201526	0.77737087	0.24723226	1.8028265	-0.39366072	5.9453254	-6.0	0.0017333813	-0.8035832	0.0030491394	0.0030452746	-0.3468331	16091.3872859478
54	0.8153846	0.38798523	1.0	0.0	1.0	0.0	1.0	1.0	3.8615384	2.0	13500	0.77700365	0.24998997	1.733662	-0.43700385	0.7769629	0.25075892	1.7789807	-0.5849075	6.024718	-6.0	0.0016805964	-0.80353785	0.0032387606	0.00320599	0.15832277	16369.316847324371
55	0.9	0.29999998	1.0	0.0	0.8	0.40000004	1.0	0.0	3.025	2.6	13750	0.7742391	0.2517773	1.8592652	-0.40069234	0.77433056	0.25184324	1.7920363	-0.42068097	5.9799423	-6.0	0.0016990809	-0.7999066	0.0032361178	0.0031273656	-0.12715927	16687.564469575882
56	0.8988764	0.3014923	1.0	0.0	1.0	0.0	1.0	1.0	2.8876405	1.8	14000	0.7758083	0.25175074	1.5251117	-0.3629315	0.77577233	0.25190532	1.7478654	-0.5303486	5.974407	-6.0	0.0016253884	-0.8011328	0.0030210477	0.003285746	-0.16235952	16994.427782058716
57	0.8333333	0.37267798	1.0	0.0	1.0	0.0	1.0	1.0	2.9880953	2.2	14250	0.7762958	0.25082847	1.5788089	-0.3378216	0.77630514	0.25062066	1.6229595	-0.48204553	5.9438486	-6.0	0.001627928	-0.80112785	0.002814518	0.0027695985	-0.35995984	17295.91688156128
58	0.8989899	0.30134213	1.0	0.0	0.8	0.4	1.0	0.0	2.5151515	2.8	14500	0.77838624	0.2501587	1.904005	-0.41721654	0.77835596	0.2505456	1.9369152	-0.3257849	6.068507	-6.0	0.0016083408	-0.8026906	0.0027566315	0.0027455941	0.4405603	17616.235156297684
59	0.8924731	0.30978197	1.0	0.0	1.0	0.0	1.0	1.0	2.655914	2.0	14750	0.78329474	0.24284515	1.5244237	-0.4523793	0.78325605	0.24297488	1.4460264	-0.43715698	5.947123	-6.0	0.0016302874	-0.8045099	0.0034401263	0.0033325434	-0.3381991	17920.96364736557
60	0.9390244	0.23928556	1.0	0.0	1.0	0.0	1.0	1.0	3.0731707	2.4	15000	0.7811732	0.24616969	1.7853416	-0.39583954	0.7812346	0.24706519	1.7385392	-0.39791387	6.0227714	-6.0	0.0016045687	-0.80580664	0.0031827304	0.0028889643	0.1469856	18238.234315156937
61	0.86764705	0.33887407	1.0	0.0	1.0	0.0	1.0	1.0	3.6470587	2.0	15250	0.78088015	0.24510238	1.727806	-0.5771649	0.78094566	0.2451113	1.7199992	-0.39395455	6.0800858	-6.0	0.0016703774	-0.80507237	0.0031004844	0.0029684338	0.5119077	18519.25995373726
62	0.94505495	0.22787298	1.0	0.0	0.6	0.48989794	1.0	0.0	2.7692308	4.4	15500	0.78472805	0.24072173	1.7358837	-0.45907584	0.7846693	0.24221767	1.740485	-0.34520823	5.8936577	-6.0	0.0017047349	-0.80799425	0.0031755404	0.0028962498	-0.6787472	18835.251264095306
63	0.9480519	0.22192219	1.0	0.0	0.8	0.4	1.0	0.0	3.2727273	3.6	15750	0.7839945	0.24734226	1.7519839	-0.56960994	0.7840196	0.24658886	1.7379326	-0.6180548	6.0416255	-6.0	0.0016507003	-0.81071144	0.0025790678	0.0027202454	0.26798123	19131.476534605026
64	0.9268293	0.26041654	1.0	0.0	0.6	0.48989794	1.0	0.0	3.0243902	1.4	16000	0.7936797	0.23969065	1.4477711	-0.47509262	0.7937184	0.24029489	1.480388	-0.3640837	6.0233936	-6.0	0.0016577851	-0.81920385	0.0024928097	0.0022610999	0.15032637	19428.266849040985
65	0.875	0.3307189	1.0	0.0	1.0	0.0	1.0	1.0	2.6041667	3.0	16250	0.79648846	0.23514764	1.4360268	-0.44908166	0.7964495	0.2355	1.3461839	-0.39776433	6.100171	-6.0	0.0017279133	-0.82267445	0.0026425722	0.002702313	0.63632137	19767.402620077133
66	0.9247312	0.2638246	1.0	0.0	1.0	0.0	1.0	1.0	2.655914	1.8	16500	0.7987164	0.23301558	1.3415257	-0.5660044	0.79890406	0.23221952	1.3726646	-0.42838132	5.9843655	-6.0	0.001829973	-0.82510424	0.0028255414	0.002668864	-0.09815166	20071.86477994919
67	0.8607595	0.34619737	1.0	0.0	1.0	0.0	1.0	1.0	3.227848	7.0	16750	0.7966137	0.23587921	1.6498889	-0.4693048	0.7965886	0.23646025	1.6296021	-0.4287055	5.945161	-6.0	0.0017449479	-0.82349414	0.0028870907	0.002804201	-0.3465639	20383.418405771255
68	0.9125	0.28256634	1.0	0.0	1.0	0.0	1.0	1.0	3.1	4.4	17000	0.8024164	0.23074116	1.6562293	-0.5410811	0.8025063	0.23164584	1.6487076	-0.3929158	6.0513625	-6.0	0.0017727044	-0.8278805	0.0029237298	0.0025985478	0.32621974	20686.08965086937
69	0.9404762	0.23660247	1.0	0.0	0.8	0.4	1.0	0.0	2.9880953	2.2	17250	0.79980373	0.22615097	1.7906183	-0.46010077	0.7998712	0.22609492	1.7271929	-0.48129725	5.9862432	-6.0	0.0018334009	-0.8220487	0.0028288553	0.0028056717	-0.08563507	20986.666345596313
70	0.9111111	0.2845833	1.0	0.0	1.0	0.0	1.0	1.0	2.788889	2.0	17500	0.80112475	0.23171176	1.4910396	-0.34586075	0.80105823	0.23131692	1.5543847	-0.43722102	5.9477797	-6.0	0.0017518139	-0.82596844	0.0025914067	0.002732378	-0.3306452	21315.99273967743
71	0.93333334	0.24944381	1.0	0.0	1.0	0.0	1.0	1.0	2.7444444	4.0	17750	0.8041576	0.2291006	1.7954093	-0.75972986	0.80406964	0.22946048	1.7890598	-0.46918672	5.9890137	-6.0	0.0017229295	-0.82919776	0.0024141704	0.0023210854	-0.06895631	21630.88048195839
72	0.9354839	0.24567008	1.0	0.0	1.0	0.0	1.0	1.0	2.7096775	2.6	18000	0.8076136	0.22797419	1.6233429	-0.6564594	0.80757946	0.22848895	1.52816	-0.30942035	6.0290246	-6.0	0.0016972139	-0.831705	0.0024898604	0.0024279477	0.18527138	21942.906207084656
73	0.8979592	0.30270198	1.0	0.0	1.0	0.0	1.0	1.0	2.5204082	1.6	18250	0.80670977	0.22933845	1.9036413	-0.5755011	0.8067916	0.22835799	1.8210132	-0.49145854	5.985378	-6.0	0.0017589979	-0.82889646	0.0026374843	0.0025865526	-0.09212958	22258.624362707138
74	0.90625	0.2914806	1.0	0.0	1.0	0.0	1.0	1.0	2.6354167	4.8	18500	0.80759317	0.22517139	1.9682796	-0.3957525	0.8073912	0.22585317	1.8878785	-0.4284531	6.0889063	-6.0	0.0017804446	-0.83024144	0.0027968464	0.0025379788	0.5632971	22581.66259789467
75	0.9259259	0.2618914	1.0	0.0	0.8	0.40000004	1.0	0.0	3.0987654	5.2	18750	0.80841494	0.22474314	1.8541421	-0.5744506	0.80855256	0.22565044	1.9284511	-0.42124543	5.94659	-6.0	0.0017945004	-0.8296741	0.00266212	0.0026112942	-0.3363833	22907.84543943405
76	0.89285713	0.3092948	1.0	0.0	1.0	0.0	1.0	1.0	2.952381	2.4	19000	0.81053835	0.22459055	1.4674081	-0.6300769	0.8104734	0.22481374	1.509357	-0.39351454	6.1196547	-6.0	0.0018406301	-0.83295256	0.0023848922	0.0022690208	0.75296706	23209.069388389587
77	0.9634146	0.18774152	1.0	0.0	1.0	0.0	1.0	1.0	3.0731707	2.2	19250	0.8108225	0.22553301	1.816844	-0.37169266	0.8110032	0.22484183	1.7997109	-0.53832185	5.936679	-6.0	0.0019171293	-0.83312476	0.0023768677	0.0025218038	-0.39570376	23506.04717516899
78	0.89534885	0.30610344	1.0	0.0	1.0	0.0	1.0	1.0	2.8953488	2.6	19500	0.81309277	0.22129904	1.652087	-0.35450566	0.8129994	0.22236541	1.6416736	-0.3962298	6.0049553	-6.0	0.0018612023	-0.8345253	0.0025746063	0.002504405	0.031910203	23807.679391622543
79	0.9310345	0.2533955	1.0	0.0	1.0	0.0	1.0	1.0	2.8850574	3.2	19750	0.8126195	0.21883385	1.858303	-0.4952472	0.81259596	0.21942379	1.9488025	-0.41126597	5.862454	-6.0	0.0017542762	-0.832028	0.0026257152	0.002440515	-0.8707048	24115.757954597473
80	1.0	0.0	1.0	1.0	0.8	0.40000004	1.0	0.0	3.1125	2.6	20000	0.8147363	0.21915215	1.7201511	-0.8970172	0.814788	0.21888775	1.7065145	-0.4758441	6.110324	-6.0	0.001785004	-0.8359059	0.0026179971	0.0025409656	0.7011987	24436.75769662857
81	0.9302326	0.2547547	1.0	0.0	1.0	0.0	1.0	1.0	2.9186046	3.4	20250	0.8145101	0.21956381	1.6332227	-0.4775377	0.8144571	0.21973719	1.6515727	-0.43552932	5.9734793	-6.0	0.0018147203	-0.83558875	0.0025788306	0.0025051306	-0.16697897	24738.397703886032
82	0.9102564	0.28581402	1.0	0.0	1.0	0.0	1.0	1.0	3.2051282	2.0	20500	0.8139133	0.22177416	1.5600189	-0.48670816	0.813944	0.22261149	1.5877287	-0.3599945	6.055123	-6.0	0.0018601249	-0.8369174	0.0023963794	0.0022542581	0.34806532	25034.141455173492
83	0.9347826	0.24690907	1.0	0.0	1.0	0.0	1.0	1.0	2.7065217	3.4	20750	0.812725	0.22121735	1.5899347	-0.4082422	0.8128231	0.22075756	1.6033337	-0.42716485	6.0135884	-6.0	0.0018798923	-0.8359408	0.0024361606	0.002476137	0.08624658	25344.830180883408
84	0.90123457	0.29834682	1.0	0.0	1.0	0.0	1.0	1.0	3.074074	4.6	21000	0.8150311	0.21792144	1.6953989	-0.4343713	0.81486905	0.2184374	1.7479349	-0.40427345	5.967547	-6.0	0.0018950062	-0.83576745	0.0026277218	0.002474208	-0.20293353	25646.398941755295
85	0.9166667	0.27638537	1.0	0.0	1.0	0.0	1.0	1.0	2.59375	1.6	21250	0.81769174	0.21793416	1.85662	-0.5050323	0.81771666	0.21787061	1.880964	-0.46515578	5.980942	-6.0	0.0018680146	-0.83841896	0.0025572483	0.002501927	-0.11922867	25982.885085582733
86	0.9247312	0.26382464	1.0	0.0	1.0	0.0	1.0	1.0	2.6989248	2.4	21500	0.81830585	0.2175386	1.9815009	-0.4803702	0.81818384	0.2177986	1.9146671	-0.51919925	5.9492583	-6.0	0.001770781	-0.83745664	0.002492123	0.0024220238	-0.32070348	26295.419270038605
87	0.98717946	0.112499565	1.0	0.0	1.0	0.0	1.0	1.0	3.2051282	2.2	21750	0.81889784	0.21550189	1.9297279	-0.50843203	0.81899244	0.21692954	1.8701104	-0.7031688	6.1203823	-6.0	0.0018271644	-0.8397615	0.0024798443	0.0023422414	0.76009506	26583.876508951187
88	0.9259259	0.2618914	1.0	0.0	1.0	0.0	1.0	1.0	3.1111112	2.6	22000	0.821739	0.21215764	1.8328019	-0.6235454	0.82164675	0.21177414	1.9155184	-0.42096612	5.9220467	-6.0	0.0018911524	-0.84076834	0.002523469	0.0024711061	-0.48908332	26879.844507217407
89	0.9587629	0.19883817	1.0	0.0	0.8	0.40000004	1.0	0.0	2.5670104	2.2	22250	0.8205704	0.21524933	1.3948604	-0.47233003	0.8206568	0.21465234	1.4145664	-0.5247898	5.995311	-6.0	0.001772181	-0.84216774	0.002437162	0.002439833	-0.028656708	27193.076151371002
90	0.9518072	0.21417333	1.0	0.0	0.8	0.40000004	1.0	0.0	2.9638555	1.8	22500	0.82260036	0.21606903	1.6802015	-0.5736335	0.8224866	0.21647775	1.583847	-0.51405424	5.9593186	-6.0	0.0017975847	-0.8429739	0.0023326392	0.0024229754	-0.2564001	27512.132376670837
91	0.9876543	0.11042311	1.0	0.0	1.0	0.0	1.0	1.0	3.1234567	3.0	22750	0.81862575	0.21772583	1.4554553	-0.35259217	0.81871814	0.21824984	1.672815	-0.47427517	6.045642	-6.0	0.0018203525	-0.8418028	0.0023869285	0.002203578	0.29008654	27808.084148406982
92	0.9350649	0.24641125	1.0	0.0	1.0	0.0	1.0	1.0	3.2077923	3.4	23000	0.82417333	0.2148617	1.7956715	-0.497805	0.82406163	0.21614085	1.787481	-0.5014341	6.065824	-6.0	0.001894802	-0.84559387	0.002286776	0.0021588774	0.41470343	28101.884541749954
93	0.9247312	0.2638246	1.0	0.0	1.0	0.0	1.0	1.0	2.7096775	3.4	23250	0.8271997	0.20894092	1.8657533	-0.42475387	0.82721645	0.20869648	1.8666438	-0.4726083	6.0217395	-6.0	0.0018849568	-0.8465717	0.002310118	0.0023333353	0.13646878	28417.476412773132
94	0.98888886	0.104822	1.0	0.0	1.0	0.0	1.0	1.0	2.7777777	2.6	23500	0.82468265	0.21306705	1.8590504	-0.4078247	0.824786	0.21326907	1.8801181	-0.5594889	6.0717363	-6.0	0.0020362018	-0.8454786	0.0021716824	0.001994535	0.4486646	28727.555621147156
95	0.95652175	0.20393112	1.0	0.0	1.0	0.0	1.0	1.0	2.7391305	3.6	23750	0.8246351	0.2141087	1.5987215	-0.49933374	0.82459456	0.21420644	1.5816838	-0.4300471	5.957719	-6.0	0.0020214764	-0.8474248	0.0022462339	0.002047957	-0.2615975	29063.29053211212
96	0.9032258	0.29565004	1.0	0.0	0.8	0.4	1.0	0.0	2.655914	3.8	24000	0.82661635	0.20962468	1.9334464	-0.3549081	0.8267053	0.21111476	1.9354686	-0.48953372	6.0088573	-6.0	0.0019823106	-0.84679335	0.0021954766	0.001989332	0.055990767	29380.945303201675
97	0.95	0.21794495	1.0	0.0	0.8	0.4	1.0	0.0	2.53	1.6	24250	0.82672566	0.20941879	1.6104782	-0.48498523	0.8268676	0.20961124	1.73887	-0.53480023	5.852198	-6.0	0.0019185209	-0.8451022	0.002280323	0.0021329646	-0.92638355	29696.27290058136
98	0.9583333	0.1998263	1.0	0.0	0.8	0.40000004	1.0	0.0	2.6041667	1.8	24500	0.82546055	0.21275736	1.5949678	-0.45137322	0.82540995	0.21282965	1.6038116	-0.4918072	6.1167727	-6.0	0.0018341793	-0.847568	0.0024417306	0.002288871	0.735002	30008.29690361023
99	0.9101124	0.28602073	1.0	0.0	1.0	0.0	1.0	1.0	2.8089888	1.8	24750	0.83261037	0.20527565	1.5983144	-0.53245234	0.83268845	0.2067549	1.6893666	-0.6622326	5.998992	-6.0	0.001970963	-0.8514437	0.0021756873	0.0021891738	-0.0055784606	30311.01633453369
100	0.9375	0.24206147	1.0	0.0	1.0	0.0	1.0	1.0	2.6145833	2.2	25000	0.8293873	0.20983967	1.9189086	-0.5775151	0.8292836	0.20910966	1.842654	-0.54184216	6.0313745	-6.0	0.0019425338	-0.8487338	0.0021102903	0.0023059978	0.19615375	30645.870752811432
