Epoch	AverageEpRet	StdEpRet	MaxEpRet	MinEpRet	AverageTestEpRet	StdTestEpRet	MaxTestEpRet	MinTestEpRet	EpLen	TestEpLen	TotalEnvInteracts	AverageQ1Vals	StdQ1Vals	MaxQ1Vals	MinQ1Vals	AverageQ2Vals	StdQ2Vals	MaxQ2Vals	MinQ2Vals	PiEntropy	TargEntropy	Alpha	LossPi	LossQ1	LossQ2	LossAlpha	Time
1	0.03125	0.17399263	1.0	0.0	0.0	0.0	0.0	0.0	7.625	25.0	250	1.2989446	0.39801988	2.7726715	-0.1480262	1.2978642	0.39741105	1.9254833	-0.33266795	1.5718932	0.16094379	0.92413133	-2.7806401	0.020949448	0.019946612	-0.12574744	344.8178622722626
2	0.055555556	0.22906142	1.0	0.0	0.0	0.0	0.0	0.0	13.055555	25.0	500	1.2263522	0.3089346	1.8167374	-0.24510244	1.2262808	0.3101526	1.8349179	-0.22553496	1.5578532	0.16094379	0.56151956	-2.1466312	0.007381109	0.00705317	-0.819833	673.455974817276
3	0.0	0.0	0.0	0.0	0.0	0.0	0.0	0.0	12.181818	17.6	750	0.9012979	0.2041379	1.4493011	-0.2707226	0.9013574	0.20558684	1.5311171	-0.20454197	1.5506151	0.16094379	0.34181267	-1.4471831	0.0044131996	0.0040989667	-1.5059502	979.8327021598816
4	0.0	0.0	0.0	0.0	0.0	0.0	0.0	0.0	12.263158	20.2	1000	0.61241394	0.16051814	1.2022022	-0.2865562	0.6124067	0.16133037	1.1643032	-0.22002675	1.5356077	0.16094379	0.20810881	-0.9437395	0.0026206828	0.0024900865	-2.1706505	1292.7838509082794
5	0.09090909	0.28747976	1.0	0.0	0.0	0.0	0.0	0.0	12.272727	10.8	1250	0.42617807	0.15817492	1.1352448	-0.20791352	0.4261472	0.15926594	1.1341096	-0.1761551	1.4616189	0.16094379	0.12776853	-0.63553405	0.0014526773	0.0013859536	-2.6830502	1583.3848297595978
6	0.10204082	0.30270198	1.0	0.0	0.0	0.0	0.0	0.0	5.0612245	1.2	1500	0.3148824	0.17411146	1.2656338	-0.27848002	0.31481704	0.17412812	1.30124	-0.23755804	1.346088	0.16094379	0.080442436	-0.4582338	0.0027283344	0.0027996064	-2.992347	1871.0267786979675
7	0.07575758	0.26460984	1.0	0.0	0.2	0.40000004	1.0	0.0	3.7727273	2.2	1750	0.26153368	0.20966056	1.2254418	-0.40023166	0.26150298	0.20966932	1.2781414	-0.33670318	1.1993718	0.16094379	0.051892433	-0.36708552	0.003012154	0.0031097266	-3.073087	2180.138420820236
8	0.13636364	0.3431743	1.0	0.0	0.4	0.48989797	1.0	0.0	5.681818	11.2	2000	0.24444978	0.24143144	1.2434416	-0.27945706	0.24457443	0.24160028	1.200977	-0.27058735	1.0164161	0.16094379	0.034745768	-0.3283644	0.0025023099	0.0024474221	-2.8730595	2504.4975125789642
9	0.18367347	0.38721764	1.0	0.0	0.0	0.0	0.0	0.0	5.122449	7.0	2250	0.2311229	0.2537696	1.2040462	-0.336722	0.23113246	0.2542921	1.2072939	-0.32023513	0.8241493	0.16094379	0.024288954	-0.30602643	0.002044831	0.0019020037	-2.463609	2816.321592092514
10	0.2	0.4	1.0	0.0	0.0	0.0	0.0	0.0	6.325	7.2	2500	0.24133705	0.27374515	1.211966	-0.28500286	0.24131037	0.27416044	1.1708556	-0.28285924	0.62889427	0.16094379	0.017889429	-0.31415886	0.0015982747	0.0015254371	-1.8807878	3117.18598985672
11	0.2413793	0.42791975	1.0	0.0	0.4	0.48989797	1.0	0.0	7.965517	3.0	2750	0.23392995	0.2722856	1.1533512	-0.369263	0.23401384	0.2730027	1.1396123	-0.28507662	0.5359019	0.16094379	0.013694273	-0.30541942	0.0013857145	0.0011707196	-1.608085	3396.5480556488037
12	0.21212122	0.40881023	1.0	0.0	0.2	0.4	1.0	0.0	7.6666665	11.8	3000	0.23555034	0.2784076	1.1561849	-0.2232722	0.23557037	0.27878836	1.195486	-0.29426676	0.43572664	0.16094379	0.0106651895	-0.30875948	0.0009652664	0.0008829864	-1.2468181	3688.5096368789673
13	0.3611111	0.4803227	1.0	0.0	0.2	0.4	1.0	0.0	7.361111	14.0	3250	0.23444237	0.27990878	1.1699125	-0.25194687	0.23447305	0.27989736	1.1321297	-0.21724819	0.38572127	0.16094379	0.0084664235	-0.30219012	0.0008830975	0.00089353713	-1.0719688	4025.164291381836
14	0.43333334	0.49553567	1.0	0.0	0.2	0.40000004	1.0	0.0	8.166667	12.8	3500	0.22939621	0.28135568	1.1605603	-0.20134136	0.22942041	0.28130442	1.1878679	-0.15974003	0.36176533	0.16094379	0.006687968	-0.29482526	0.0007934365	0.00077183574	-1.0059388	4336.013113498688
15	0.45454547	0.4979296	1.0	0.0	0.6	0.48989794	1.0	0.0	11.272727	3.6	3750	0.22642443	0.27951348	1.1215757	-0.18473092	0.22630782	0.27972928	1.1608291	-0.22742102	0.3284931	0.16094379	0.0051963273	-0.28905034	0.0006705328	0.0006457411	-0.8810438	4605.6794855594635
16	0.45454547	0.4979296	1.0	0.0	0.4	0.48989797	1.0	0.0	10.636364	16.4	4000	0.22460797	0.2814191	1.1461326	-0.12689158	0.22462466	0.28126958	1.1320219	-0.14946565	0.3062743	0.16094379	0.0040294407	-0.2860175	0.00051630737	0.00051921525	-0.8009477	4937.1177496910095
17	0.5	0.5	1.0	0.0	0.2	0.4	1.0	0.0	8.125	8.4	4250	0.22379798	0.28102124	1.1432489	-0.17826845	0.22381486	0.2809951	1.1344569	-0.21289924	0.27960837	0.16094379	0.003122704	-0.28601477	0.0005631548	0.00057328463	-0.6840514	5250.196975946426
18	0.65909094	0.47401482	1.0	0.0	0.4	0.48989797	1.0	0.0	6.0	4.0	4500	0.22913952	0.289693	1.1127952	-0.18079197	0.22911656	0.28950226	1.1325588	-0.1838321	0.2565028	0.16094379	0.0024463371	-0.28701428	0.0004747497	0.0004987836	-0.5742118	5551.46196103096
19	0.5365854	0.49865973	1.0	0.0	0.2	0.40000004	1.0	0.0	6.02439	7.2	4750	0.22783175	0.28991973	1.1712284	-0.24394208	0.2278651	0.28996837	1.1584427	-0.23908387	0.23169312	0.16094379	0.0019588564	-0.28243402	0.00062273216	0.0006600765	-0.44114348	5864.990491390228
20	0.6944444	0.46064234	1.0	0.0	0.6	0.48989794	1.0	0.0	6.7777777	9.0	5000	0.22982061	0.29179943	1.1911836	-0.26380908	0.22981852	0.29150668	1.1156818	-0.23902836	0.21947557	0.16094379	0.0015915136	-0.2852032	0.00056602224	0.00059765985	-0.37735075	6175.838461637497
21	0.72	0.4489989	1.0	0.0	1.0	0.0	1.0	1.0	5.06	4.0	5250	0.23006652	0.29033935	1.1108987	-0.17293385	0.23007737	0.29034314	1.1219844	-0.18460427	0.21272522	0.16094379	0.0012675255	-0.28260273	0.0005319357	0.000514959	-0.34488863	6490.949757099152
22	0.8	0.4	1.0	0.0	0.8	0.4	1.0	0.0	6.075	5.6	5500	0.23884372	0.2956225	1.1297671	-0.16287716	0.23886266	0.29559678	1.1153139	-0.18839842	0.18619299	0.16094379	0.0010694793	-0.2934184	0.0003874356	0.00038178146	-0.1725417	6805.126070022583
23	0.8717949	0.3343181	1.0	0.0	1.0	0.0	1.0	1.0	6.6666665	4.0	5750	0.24204074	0.29661804	1.0971457	-0.14882267	0.2420522	0.2966634	1.0949575	-0.16708742	0.17236555	0.16094379	0.00096869253	-0.29537207	0.000369376	0.00034053705	-0.07916602	7106.053793430328
24	0.8636364	0.3431743	1.0	0.0	0.4	0.48989797	1.0	0.0	5.681818	3.4	6000	0.24226649	0.2959035	1.1409955	-0.12577653	0.24227186	0.29576266	1.1190594	-0.14423603	0.16200091	0.16094379	0.0009390114	-0.29362082	0.00036726802	0.00036778787	-0.0073528206	7414.022116422653
25	0.79591835	0.40302894	1.0	0.0	0.8	0.4	1.0	0.0	5.163265	5.2	6250	0.2468255	0.29796705	1.0898136	-0.14131127	0.24677716	0.2980742	1.0909909	-0.13433482	0.15062219	0.16094379	0.00096320163	-0.2998423	0.0002835248	0.00027362772	0.07160177	7734.981692075729
26	0.8636364	0.3431743	1.0	0.0	0.6	0.48989794	1.0	0.0	5.659091	4.0	6500	0.25272974	0.3024968	1.1058186	-0.2296767	0.2527197	0.30249903	1.1270306	-0.12571129	0.1424537	0.16094379	0.00109287	-0.30398175	0.0002627193	0.00026512306	0.12597658	8038.302330493927
27	0.825	0.3799671	1.0	0.0	0.8	0.40000004	1.0	0.0	6.225	6.6	6750	0.2572351	0.30509156	1.0888085	-0.2035193	0.25724623	0.30512118	1.0878301	-0.19529787	0.13816097	0.16094379	0.0013274677	-0.3080319	0.00029531447	0.0002837829	0.1509169	8355.190175771713
28	0.8541667	0.35293907	1.0	0.0	1.0	0.0	1.0	1.0	5.1875	4.0	7000	0.26017424	0.3051142	1.0655594	-0.11014511	0.2601673	0.3050131	1.0907416	-0.1381684	0.13199984	0.16094379	0.0016866146	-0.3097234	0.0002825607	0.0002862919	0.18456697	8670.358645677567
29	0.8717949	0.33431807	1.0	0.0	1.0	0.0	1.0	1.0	6.4615383	4.0	7250	0.264357	0.30836764	1.0606401	-0.123215415	0.26433685	0.3084187	1.0727574	-0.09153773	0.12977073	0.16094379	0.002271471	-0.31270573	0.00023039298	0.00021826448	0.18965547	8967.903000116348
30	0.8	0.4	1.0	0.0	1.0	0.0	1.0	1.0	6.275	6.0	7500	0.26229322	0.30678213	1.0855544	-0.114754185	0.26229864	0.3067488	1.1087965	-0.16080043	0.12980923	0.16094379	0.0031190328	-0.30762628	0.00027118644	0.00027712883	0.17995265	9274.367655038834
31	0.85714287	0.3499271	1.0	0.0	1.0	0.0	1.0	1.0	5.785714	5.6	7750	0.2646556	0.30847317	1.1214565	-0.120655596	0.26468974	0.3085506	1.0782075	-0.12220009	0.1295334	0.16094379	0.0041798605	-0.30889466	0.00026284275	0.0002516341	0.17183067	9589.095610141754
32	0.95454544	0.2082989	1.0	0.0	0.6	0.48989794	1.0	0.0	5.590909	8.0	8000	0.27157056	0.3129073	1.0950472	-0.11665	0.27155194	0.3129676	1.0784341	-0.0847173	0.12791824	0.16094379	0.005914088	-0.31526005	0.00023906391	0.00021551645	0.17013808	9910.9593167305
33	0.84615386	0.36080125	1.0	0.0	0.6	0.48989794	1.0	0.0	6.6410255	5.0	8250	0.26666808	0.30812293	1.0731034	-0.14389569	0.26666513	0.30815324	1.0850065	-0.14421138	0.14439061	0.16094379	0.007491304	-0.31018203	0.0002849763	0.0002576846	0.08120238	10221.54414844513
34	0.9047619	0.29354352	1.0	0.0	0.8	0.4	1.0	0.0	5.904762	8.8	8500	0.27113435	0.31113556	1.0645931	-0.12678844	0.27111486	0.31113312	1.0657383	-0.096566275	0.14932093	0.16094379	0.0085386075	-0.3136549	0.00021474212	0.00021042356	0.0553563	10545.014671564102
35	0.8484849	0.3585503	1.0	0.0	0.6	0.48989794	1.0	0.0	7.6969695	13.0	8750	0.27027455	0.31059742	1.0590976	-0.110129476	0.2702985	0.31058052	1.0787728	-0.11252004	0.15587875	0.16094379	0.009408228	-0.3119043	0.00019188612	0.00019872366	0.023694107	10882.98974108696
36	0.9318182	0.25205764	1.0	0.0	0.8	0.40000004	1.0	0.0	5.5454545	4.4	9000	0.2727332	0.31067127	1.0770665	-0.09768667	0.27268606	0.31062996	1.0815866	-0.15370704	0.16452003	0.16094379	0.009412042	-0.31574905	0.0002274308	0.0002362984	-0.016654493	11193.221636533737
37	0.92105263	0.26965663	1.0	0.0	0.8	0.4	1.0	0.0	6.7105265	9.6	9250	0.274021	0.31160808	1.1094275	-0.17479983	0.27405798	0.3115541	1.0772887	-0.1611099	0.16632837	0.16094379	0.009031189	-0.31655625	0.0002569484	0.00027147873	-0.02534262	11509.157846927643
38	0.8913044	0.31125695	1.0	0.0	0.8	0.4	1.0	0.0	5.347826	4.8	9500	0.2752383	0.3129162	1.0889063	-0.092709355	0.27522072	0.31293407	1.071959	-0.08532667	0.16319698	0.16094379	0.00848505	-0.31555116	0.00020336139	0.00020255065	-0.01068065	11818.422169685364
39	0.9512195	0.2154088	1.0	0.0	1.0	0.0	1.0	1.0	6.1463413	3.8	9750	0.27791235	0.3107159	1.089821	-0.10108955	0.27788976	0.31066367	1.1035463	-0.08985481	0.1634112	0.16094379	0.008421166	-0.32128862	0.00019504661	0.00019663501	-0.011751807	12121.278639554977
40	0.8648649	0.34186783	1.0	0.0	1.0	0.0	1.0	1.0	6.783784	4.8	10000	0.2763203	0.31105492	1.073953	-0.093583	0.2763231	0.31102887	1.1123958	-0.08733248	0.16856469	0.16094379	0.007913326	-0.31762323	0.00022392905	0.00023515281	-0.03678714	12426.583193302155
41	0.9433962	0.23108396	1.0	0.0	1.0	0.0	1.0	1.0	4.754717	5.0	10250	0.28343666	0.3154597	1.0901543	-0.1819801	0.28341797	0.31553698	1.1010791	-0.115832746	0.16524659	0.16094379	0.0073931124	-0.32515973	0.0002441225	0.00024396199	-0.021035582	12748.398917913437
42	0.9183673	0.27380425	1.0	0.0	1.0	0.0	1.0	1.0	5.0408163	6.0	10500	0.28182632	0.31213138	1.0789728	-0.112919144	0.28188807	0.3121486	1.0918789	-0.1099242	0.16352351	0.16094379	0.007246394	-0.3209659	0.00023077596	0.00018522042	-0.012699488	13070.014639139175
43	0.8947368	0.3068922	1.0	0.0	1.0	0.0	1.0	1.0	6.631579	6.8	10750	0.28889838	0.3145917	1.127324	-0.08491533	0.28891486	0.31459442	1.1827118	-0.110205576	0.15645397	0.16094379	0.007206935	-0.32892004	0.00020708295	0.00018679973	0.022130584	13371.831314563751
44	0.9777778	0.14740555	1.0	0.0	1.0	0.0	1.0	1.0	5.311111	5.2	11000	0.28367624	0.31118459	1.0781035	-0.08650413	0.28363517	0.31124756	1.0723608	-0.08336958	0.15540779	0.16094379	0.0076897778	-0.3244076	0.00017823603	0.00016627472	0.02698254	13687.639382600784
45	0.9268293	0.26041654	1.0	0.0	1.0	0.0	1.0	1.0	6.365854	5.4	11250	0.2871609	0.31539354	1.0720855	-0.07678062	0.28720856	0.3153988	1.0828859	-0.096612595	0.15687229	0.16094379	0.008054093	-0.326316	0.00014619845	0.0001384225	0.019633915	13991.527829647064
46	0.9607843	0.19410774	1.0	0.0	1.0	0.0	1.0	1.0	4.882353	4.4	11500	0.28623566	0.3142387	1.0588998	-0.08725306	0.28622285	0.31433275	1.0759848	-0.07506383	0.16856271	0.16094379	0.008141547	-0.3239604	0.00018731732	0.00018096236	-0.0367958	14307.768005371094
47	0.9166667	0.2763854	1.0	0.0	1.0	0.0	1.0	1.0	6.9722223	9.8	11750	0.29265633	0.31718975	1.0596092	-0.08860574	0.2926529	0.31719697	1.0535445	-0.08762652	0.16361117	0.16094379	0.007422981	-0.33131155	0.0001763597	0.0001659776	-0.013024982	14623.639338731766
48	0.9705882	0.16895773	1.0	0.0	1.0	0.0	1.0	1.0	7.2647057	5.8	12000	0.2931981	0.31547883	1.0617155	-0.09018925	0.29321095	0.31541994	1.0561984	-0.14432424	0.15910377	0.16094379	0.007595984	-0.3322887	0.00015104923	0.00014894572	0.009038249	14922.672327756882
49	1.0	0.0	1.0	1.0	0.8	0.40000004	1.0	0.0	5.6444445	7.2	12250	0.29656842	0.31808725	1.0612882	-0.08989519	0.29655945	0.31811932	1.0520873	-0.08476619	0.15411824	0.16094379	0.007726872	-0.33378503	0.00012337689	0.00012047963	0.033139054	15241.74407196045
50	0.9268293	0.26041654	1.0	0.0	1.0	0.0	1.0	1.0	6.0731707	5.6	12500	0.29522264	0.31781793	1.0615522	-0.12010077	0.29521352	0.3178349	1.0649412	-0.15136454	0.15583816	0.16094379	0.008324865	-0.33381745	0.0001287904	0.00011681327	0.024441423	15558.120213508606
51	0.9512195	0.2154088	1.0	0.0	1.0	0.0	1.0	1.0	6.02439	5.0	12750	0.29431713	0.31512532	1.0423293	-0.10191701	0.29428464	0.31516984	1.0502062	-0.07598878	0.15863353	0.16094379	0.00869069	-0.3329757	0.00012810608	0.00012529505	0.010974389	15861.960676908493
52	0.9705882	0.16895773	1.0	0.0	1.0	0.0	1.0	1.0	7.117647	5.8	13000	0.29481918	0.31684422	1.0663538	-0.105497666	0.29481605	0.31690058	1.0808278	-0.073434934	0.16685851	0.16094379	0.008380805	-0.3320814	0.00015062807	0.00014668061	-0.02812542	16167.049347400665
53	0.9782609	0.14583053	1.0	0.0	1.0	0.0	1.0	1.0	5.5652175	7.0	13250	0.29851836	0.32040402	1.064573	-0.14897664	0.29855624	0.32035285	1.0562165	-0.10253951	0.16529258	0.16094379	0.008117155	-0.33403823	0.00015575507	0.00016488224	-0.02092611	16495.136625289917
54	0.94285715	0.23211537	1.0	0.0	1.0	0.0	1.0	1.0	7.1714287	5.2	13500	0.29889196	0.31743708	1.0762854	-0.07801395	0.29887664	0.31751195	1.0507222	-0.108596556	0.16374788	0.16094379	0.007711027	-0.3327366	0.00016092273	0.00016392476	-0.013604029	16790.809426784515
55	0.97727275	0.1490327	1.0	0.0	1.0	0.0	1.0	1.0	5.6136365	7.2	13750	0.29935166	0.32025802	1.0908983	-0.07032946	0.29938006	0.32017222	1.0595775	-0.088042796	0.16133878	0.16094379	0.007621191	-0.33426806	0.0001373488	0.00012558619	-0.0018955574	17119.281396389008
56	1.0	0.0	1.0	1.0	0.8	0.4	1.0	0.0	5.883721	9.2	14000	0.29725513	0.3185149	1.067937	-0.08116478	0.29724306	0.31856078	1.0637236	-0.07095341	0.16011572	0.16094379	0.0076674568	-0.3328681	0.00015914826	0.00014327424	0.0040542516	17450.99190235138
57	0.9767442	0.15071492	1.0	0.0	1.0	0.0	1.0	1.0	5.860465	5.8	14250	0.3014715	0.31990632	1.0488777	-0.08070095	0.30146778	0.31985676	1.0432837	-0.07691714	0.16365223	0.16094379	0.0074747014	-0.3348084	0.0001780113	0.00017491433	-0.01318179	17764.759857416153
58	1.0	0.0	1.0	1.0	1.0	0.0	1.0	1.0	5.744186	4.2	14500	0.30746478	0.3190811	1.0540895	-0.06615233	0.30743015	0.31910336	1.0561881	-0.0973051	0.1534197	0.16094379	0.0078056576	-0.34142816	0.00013348322	0.00015282023	0.036574215	18076.34439611435
59	1.0	0.0	1.0	1.0	1.0	0.0	1.0	1.0	4.98	5.0	14750	0.30994374	0.32227162	1.0463581	-0.08935519	0.30997157	0.32223243	1.0396528	-0.10451563	0.15588659	0.16094379	0.008349947	-0.3434306	0.00010316032	0.00011016405	0.024245732	18391.904313325882
60	0.94	0.23748682	1.0	0.0	1.0	0.0	1.0	1.0	5.12	9.2	15000	0.3076422	0.32155758	1.0652366	-0.067936905	0.30762494	0.3215454	1.0563637	-0.101360805	0.16090025	0.16094379	0.008546492	-0.34259754	0.00010216148	0.00010545047	0.00023614049	18731.558968782425
61	0.9767442	0.1507149	1.0	0.0	1.0	0.0	1.0	1.0	5.72093	5.4	15250	0.30675662	0.31979242	1.048919	-0.06334165	0.30676484	0.31988764	1.0449173	-0.081534065	0.16339998	0.16094379	0.008412323	-0.3407382	0.00012242931	0.0001149805	-0.011698571	19046.783078432083
62	0.95652175	0.20393111	1.0	0.0	1.0	0.0	1.0	1.0	5.5434785	10.0	15500	0.31513882	0.32321456	1.0545654	-0.065741085	0.31511977	0.3231227	1.057225	-0.07133167	0.16276033	0.16094379	0.008119071	-0.34773868	0.00013492437	0.00014296222	-0.008686025	19381.942034482956
63	1.0	0.0	1.0	1.0	1.0	0.0	1.0	1.0	7.2058825	5.2	15750	0.3129096	0.3224854	1.0636519	-0.089240156	0.3129629	0.32251304	1.0663748	-0.09070911	0.16106063	0.16094379	0.00820895	-0.3449722	0.00015364004	0.00014098496	-0.0005412159	19678.40727853775
64	0.9782609	0.14583053	1.0	0.0	1.0	0.0	1.0	1.0	5.3913045	5.6	16000	0.31429264	0.32377872	1.0506636	-0.07680851	0.31428468	0.32382107	1.060377	-0.07124656	0.16007032	0.16094379	0.008147563	-0.3467654	0.00012744559	0.00012348511	0.0042202324	20002.206523656845
65	1.0	0.0	1.0	1.0	1.0	0.0	1.0	1.0	5.425532	8.2	16250	0.3146618	0.32394132	1.0620785	-0.07426813	0.3146608	0.32388762	1.0589019	-0.09692027	0.15809494	0.16094379	0.008386623	-0.34749195	0.00011212735	0.00011027513	0.013645536	20327.302028417587
66	0.9787234	0.1443049	1.0	0.0	0.8	0.4	1.0	0.0	5.361702	3.8	16500	0.31460747	0.3232234	1.0430841	-0.060471676	0.3146402	0.32323003	1.0567093	-0.06408096	0.15948388	0.16094379	0.008682149	-0.34737742	9.658907e-05	9.618704e-05	0.0069746054	20632.046636104584
67	1.0	0.0	1.0	1.0	1.0	0.0	1.0	1.0	5.3913045	5.4	16750	0.31627053	0.32225883	1.0397977	-0.07856743	0.31625566	0.3222079	1.0493029	-0.07391971	0.16282275	0.16094379	0.008557225	-0.34738812	0.00013076348	0.00013071058	-0.008925042	20947.062851905823
68	1.0	0.0	1.0	1.0	1.0	0.0	1.0	1.0	5.6363635	7.2	17000	0.31695148	0.32384968	1.0397342	-0.07780348	0.3169571	0.3238101	1.0353646	-0.059297353	0.16171491	0.16094379	0.008381976	-0.34648612	9.649234e-05	0.000105340085	-0.0036629124	21267.7984085083
69	1.0	0.0	1.0	1.0	1.0	0.0	1.0	1.0	5.5555553	6.4	17250	0.31369343	0.3227275	1.0486414	-0.0852262	0.31365737	0.32279792	1.0361782	-0.0839401	0.16251348	0.16094379	0.008250766	-0.34513208	0.000100869656	9.314917e-05	-0.007493404	21594.029781341553
70	1.0	0.0	1.0	1.0	1.0	0.0	1.0	1.0	5.75	6.0	17500	0.31640443	0.32346866	1.0451301	-0.07687913	0.31641942	0.32343718	1.031922	-0.09367203	0.16463901	0.16094379	0.008087352	-0.34701177	9.637252e-05	9.1623704e-05	-0.017753452	21911.565442800522
71	0.9777778	0.14740555	1.0	0.0	1.0	0.0	1.0	1.0	5.5333333	4.6	17750	0.3204666	0.32744744	1.0897262	-0.058768623	0.32045013	0.32750726	1.0422758	-0.06556041	0.16322175	0.16094379	0.0077849044	-0.35113072	0.00011113113	0.00010257696	-0.0110133905	22217.678387641907
72	0.9791667	0.14282614	1.0	0.0	1.0	0.0	1.0	1.0	5.25	3.4	18000	0.31999382	0.32489547	1.0532274	-0.11104854	0.32004052	0.3248665	1.0703498	-0.058336325	0.1655919	0.16094379	0.0075964513	-0.34854433	0.00012456746	9.6031734e-05	-0.022656724	22529.494009256363
73	1.0	0.0	1.0	1.0	0.8	0.4	1.0	0.0	5.744186	5.4	18250	0.31497723	0.32327405	1.042295	-0.06887942	0.3149786	0.32336107	1.0390446	-0.0655684	0.1651953	0.16094379	0.007192916	-0.3453761	0.00011854789	0.000102803766	-0.02092187	22845.918095827103
74	0.9782609	0.14583053	1.0	0.0	1.0	0.0	1.0	1.0	5.2173915	6.0	18500	0.3227179	0.3287089	1.0417634	-0.057542026	0.3227009	0.32868916	1.0357625	-0.068644896	0.1563256	0.16094379	0.0073177614	-0.35099483	8.034764e-05	7.726143e-05	0.022769708	23167.205509662628
75	1.0	0.0	1.0	1.0	1.0	0.0	1.0	1.0	5.822222	5.8	18750	0.3256319	0.33036107	1.0522568	-0.060640298	0.325651	0.33037114	1.0395763	-0.072958946	0.15664515	0.16094379	0.00764476	-0.35506102	8.121832e-05	7.9968726e-05	0.020998305	23484.70977330208
76	1.0	0.0	1.0	1.0	1.0	0.0	1.0	1.0	5.5111113	4.0	19000	0.3224672	0.32716304	1.0467142	-0.07328369	0.32242462	0.3271715	1.0396744	-0.055065453	0.16373296	0.16094379	0.0076989136	-0.35068867	7.4595286e-05	7.2821575e-05	-0.013555324	23796.80574440956
77	1.0	0.0	1.0	1.0	1.0	0.0	1.0	1.0	6.5	9.0	19250	0.3231821	0.32755	1.0430545	-0.06331155	0.3231965	0.3275969	1.0380838	-0.07157733	0.16345227	0.16094379	0.0074689575	-0.35093683	9.14457e-05	9.0634865e-05	-0.012260682	24116.445763111115
78	1.0	0.0	1.0	1.0	1.0	0.0	1.0	1.0	6.071429	6.0	19500	0.3265337	0.32829556	1.0362477	-0.08633895	0.32655787	0.32826796	1.0616688	-0.06312026	0.16186096	0.16094379	0.0074107167	-0.3553811	7.548422e-05	6.974309e-05	-0.0044868155	24433.58173274994
79	0.9375	0.24206147	1.0	0.0	0.8	0.40000004	1.0	0.0	5.1041665	4.6	19750	0.32509625	0.32642114	1.0533168	-0.053303555	0.3250743	0.3264536	1.0485654	-0.048487596	0.15648165	0.16094379	0.007404845	-0.35357758	8.6305234e-05	8.055504e-05	0.021882148	24750.5495095253
80	0.9782609	0.14583053	1.0	0.0	1.0	0.0	1.0	1.0	5.4130435	4.6	20000	0.32519728	0.328154	1.043364	-0.058355354	0.3251956	0.32815635	1.0731165	-0.068587326	0.16006173	0.16094379	0.007657993	-0.35237253	9.067199e-05	8.3262756e-05	0.0043271105	25062.349848270416
81	0.9767442	0.1507149	1.0	0.0	1.0	0.0	1.0	1.0	5.860465	6.8	20250	0.32372063	0.32622382	1.0569856	-0.061338447	0.32372063	0.32628065	1.0402037	-0.071141556	0.16075513	0.16094379	0.0077103223	-0.35146654	0.00010609579	9.324737e-05	0.0009364727	25377.98988366127
82	0.9782609	0.14583053	1.0	0.0	1.0	0.0	1.0	1.0	5.369565	4.0	20500	0.32917383	0.3272905	1.0443428	-0.052037284	0.32918233	0.32728195	1.0347136	-0.091549344	0.16098803	0.16094379	0.0076963822	-0.35411072	9.6480995e-05	0.000100689125	-0.00019092274	25692.406131505966
83	1.0	0.0	1.0	1.0	1.0	0.0	1.0	1.0	5.4042554	6.6	20750	0.33085728	0.3309508	1.0491247	-0.08032316	0.33085877	0.3309587	1.040866	-0.061071254	0.16117157	0.16094379	0.007758717	-0.35600036	0.00011271538	0.000112519636	-0.001080472	26017.74088358879
84	1.0	0.0	1.0	1.0	1.0	0.0	1.0	1.0	5.4347825	4.6	21000	0.33248544	0.33221102	1.0538266	-0.055947594	0.3324699	0.33217114	1.0430526	-0.0717436	0.1644174	0.16094379	0.0075471993	-0.3585142	9.85038e-05	9.3931136e-05	-0.01693272	26332.733311891556
85	0.9787234	0.1443049	1.0	0.0	1.0	0.0	1.0	1.0	5.3404255	5.0	21250	0.32581836	0.32694215	1.0376865	-0.081843495	0.32583773	0.3270134	1.0422528	-0.06474433	0.16113572	0.16094379	0.007425411	-0.3517398	9.99486e-05	8.904728e-05	-0.00090585946	26652.829110860825
86	1.0	0.0	1.0	1.0	1.0	0.0	1.0	1.0	6.7027025	3.6	21500	0.33080232	0.3294178	1.0742036	-0.061595507	0.3307782	0.3294129	1.03642	-0.06445863	0.15923987	0.16094379	0.0074797636	-0.3569258	8.7934866e-05	8.049125e-05	0.008364671	26947.48595404625
87	1.0	0.0	1.0	1.0	1.0	0.0	1.0	1.0	6.195122	5.2	21750	0.33482996	0.3320363	1.0446616	-0.0671189	0.33483365	0.33201918	1.0636789	-0.049391888	0.1615264	0.16094379	0.0074469307	-0.36037648	0.000113166614	0.000101703576	-0.0028202296	27257.342203855515
88	0.9574468	0.20184752	1.0	0.0	1.0	0.0	1.0	1.0	5.3404255	6.2	22000	0.33255488	0.330899	1.0361532	-0.058025315	0.33256426	0.33092785	1.0433708	-0.060338393	0.15834594	0.16094379	0.0076482734	-0.35710222	8.7570384e-05	8.7112145e-05	0.012690435	27579.4938621521
89	1.0	0.0	1.0	1.0	1.0	0.0	1.0	1.0	5.2173915	5.2	22250	0.32962427	0.3289982	1.0654968	-0.07370527	0.3295916	0.3290435	1.0577545	-0.070381805	0.1597635	0.16094379	0.0077731623	-0.3546311	0.00010001153	0.00010662967	0.0057569826	27889.630656719208
90	0.97619045	0.15245534	1.0	0.0	1.0	0.0	1.0	1.0	6.1904764	3.4	22500	0.32831055	0.32640937	1.0752811	-0.053446792	0.32835737	0.3263867	1.036326	-0.067479014	0.15984558	0.16094379	0.007841867	-0.35422078	0.00010420315	0.000106890766	0.0053431042	28189.495039463043
91	1.0	0.0	1.0	1.0	0.8	0.4	1.0	0.0	5.952381	3.2	22750	0.33330476	0.3294826	1.0391369	-0.07002788	0.3333046	0.32944146	1.0443083	-0.056767717	0.16024944	0.16094379	0.008006074	-0.35795555	8.3412466e-05	8.3152074e-05	0.0033763507	28492.216074466705
92	1.0	0.0	1.0	1.0	1.0	0.0	1.0	1.0	5.6136365	4.0	23000	0.32772726	0.32580715	1.038296	-0.071609266	0.3277274	0.32585514	1.0372224	-0.055075645	0.16266805	0.16094379	0.00796326	-0.35118848	7.607823e-05	6.776016e-05	-0.008323671	28803.191912174225
93	1.0	0.0	1.0	1.0	1.0	0.0	1.0	1.0	5.0	5.6	23250	0.33403575	0.33015972	1.0424246	-0.11777789	0.33403492	0.33017236	1.032913	-0.096714415	0.16425955	0.16094379	0.0077575804	-0.35808098	9.465934e-05	9.099229e-05	-0.016123384	29126.39236140251
94	0.9756098	0.15425743	1.0	0.0	1.0	0.0	1.0	1.0	6.1463413	5.2	23500	0.34027553	0.33275554	1.0380772	-0.06353257	0.34026715	0.33264977	1.0372417	-0.051931106	0.16133437	0.16094379	0.0075236573	-0.36290672	0.000110031135	0.0001186253	-0.0018831437	29433.36013174057
95	0.97619045	0.15245534	1.0	0.0	1.0	0.0	1.0	1.0	5.8809524	3.4	23750	0.3336187	0.33098507	1.0511111	-0.1478161	0.3336201	0.33105257	1.0563471	-0.12589209	0.16598687	0.16094379	0.007388278	-0.35605547	0.00014834854	0.00013895809	-0.024762906	29743.376213550568
96	0.9767442	0.1507149	1.0	0.0	1.0	0.0	1.0	1.0	5.837209	5.8	24000	0.334723	0.32930553	1.0414066	-0.08227648	0.33468744	0.32929614	1.035703	-0.11326647	0.16155097	0.16094379	0.0070587723	-0.3572339	0.000121001205	0.000116881296	-0.002980934	30054.6963429451
97	0.975	0.15612495	1.0	0.0	1.0	0.0	1.0	1.0	6.325	6.2	24250	0.33727485	0.33136994	1.072335	-0.12651068	0.33728522	0.33142707	1.083615	-0.11949114	0.16026554	0.16094379	0.007180237	-0.35903156	0.00022226384	0.00021650517	0.0033756418	30365.59266114235
98	0.97619045	0.15245534	1.0	0.0	1.0	0.0	1.0	1.0	5.904762	5.2	24500	0.33442384	0.32961008	1.1056776	-0.07453799	0.33442652	0.32964405	1.0856361	-0.09551765	0.16290833	0.16094379	0.007002348	-0.35688847	0.00015852174	0.00014761918	-0.009707602	30670.39334821701
99	0.97727275	0.1490327	1.0	0.0	1.0	0.0	1.0	1.0	5.5	7.0	24750	0.33421126	0.32903826	1.0930165	-0.08199407	0.33423445	0.32903248	1.103431	-0.09013022	0.15735143	0.16094379	0.0072082262	-0.35603815	0.00014092345	0.00013372215	0.017799804	30998.76865887642
100	1.0	0.0	1.0	1.0	1.0	0.0	1.0	1.0	5.7555556	5.8	25000	0.33712408	0.331571	1.0606582	-0.10057312	0.3371422	0.33155796	1.0458405	-0.07466997	0.16095722	0.16094379	0.007155028	-0.3578158	0.000106801985	0.000102753955	-3.52211e-05	31327.207941770554
