Epoch	AverageEpRet	StdEpRet	MaxEpRet	MinEpRet	AverageTestEpRet	StdTestEpRet	MaxTestEpRet	MinTestEpRet	EpLen	TestEpLen	TotalEnvInteracts	AverageQVals	StdQVals	MaxQVals	MinQVals	LossQ	Actor Noise	Time
1	0.057142857	0.23211537	1.0	0.0	0.0	0.0	0.0	0.0	7.114286	1.2	250	-0.3187471	0.8028352	1.6969814	-0.7174063	0.017991979	0.8875	263.1242823600769
2	0.0	0.0	0.0	0.0	0.0	0.0	0.0	0.0	7.4242425	8.2	500	0.9088833	1.7497241	1.4925961	-0.55814725	0.030420398	0.775	552.7804799079895
3	0.075	0.26339135	1.0	0.0	0.0	0.0	0.0	0.0	6.35	2.0	750	1.5945774	2.9273794	1.464334	-0.41865337	0.012633833	0.6625	833.8384475708008
4	0.07317073	0.2604165	1.0	0.0	0.2	0.4	1.0	0.0	6.1707315	8.8	1000	2.1476066	3.8881712	1.3044457	-0.64201784	0.0066222236	0.55	1140.198250055313
5	0.121212125	0.32637364	1.0	0.0	0.2	0.4	1.0	0.0	7.121212	8.6	1250	2.4458811	4.4146886	1.5347366	-0.5491598	0.0047234534	0.4375	1434.6952748298645
6	0.12	0.32496154	1.0	0.0	0.0	0.0	0.0	0.0	10.4	20.6	1500	2.7653596	4.9809504	1.4994875	-0.4808369	0.0025492182	0.325	1767.0699553489685
7	0.45454547	0.4979296	1.0	0.0	0.2	0.4	1.0	0.0	10.818182	17.6	1750	2.9044938	5.225904	1.4960904	-0.4412946	0.0014656576	0.21250000000000002	2086.2296657562256
8	0.44444445	0.49690402	1.0	0.0	0.2	0.4	1.0	0.0	9.851851	20.4	2000	3.039633	5.465452	1.6471993	-0.3874227	0.001266379	0.1	2423.908163547516
9	0.55	0.4974937	1.0	0.0	0.8	0.4	1.0	0.0	12.05	6.6	2250	3.1119215	5.593596	1.6930552	-0.3344112	0.0009197079	0.1	2703.5180745124817
10	0.3888889	0.48749802	1.0	0.0	0.2	0.4	1.0	0.0	14.111111	19.4	2500	3.120892	5.609388	1.654135	-0.34021857	0.0007193344	0.1	3013.021713733673
11	0.68	0.46647614	1.0	0.0	0.4	0.48989797	1.0	0.0	10.24	9.0	2750	3.134957	5.633557	1.6639632	-0.348844	0.00080327084	0.1	3303.119099855423
12	0.68	0.46647614	1.0	0.0	0.2	0.4	1.0	0.0	9.64	20.8	3000	3.1558638	5.6715627	1.6330534	-0.38657647	0.00077440153	0.1	3636.2055246829987
13	0.7692308	0.42132503	1.0	0.0	1.0	0.0	1.0	1.0	9.884615	4.8	3250	3.1756814	5.7073364	1.7194121	-0.397122	0.00068624644	0.1	3911.239738702774
14	0.76	0.42708316	1.0	0.0	1.0	0.0	1.0	1.0	9.28	4.6	3500	3.205988	5.7611604	1.5405452	-0.43657756	0.0009549633	0.1	4184.1698632240295
15	0.71428573	0.45175397	1.0	0.0	1.0	0.0	1.0	1.0	9.357142	2.8	3750	3.2152495	5.777285	1.5981927	-0.39097556	0.0007689172	0.1	4453.635978460312
16	0.72727275	0.4453618	1.0	0.0	1.0	0.0	1.0	1.0	7.818182	7.6	4000	3.2120512	5.7720656	1.6912849	-0.40193173	0.00061441073	0.1	4766.564646959305
17	0.8	0.4	1.0	0.0	0.8	0.4	1.0	0.0	6.742857	5.8	4250	3.202777	5.755413	1.6299453	-0.36281955	0.000547806	0.1	5068.100222349167
18	0.85714287	0.3499271	1.0	0.0	0.8	0.4	1.0	0.0	9.214286	9.4	4500	3.2338872	5.811678	1.7446241	-0.35954195	0.0005388437	0.1	5369.3892340660095
19	0.75	0.4330127	1.0	0.0	1.0	0.0	1.0	1.0	7.84375	6.4	4750	3.2803571	5.8943458	1.7315295	-0.38928717	0.0005729419	0.1	5667.365995645523
20	0.9117647	0.2836368	1.0	0.0	0.8	0.4	1.0	0.0	7.2941175	10.8	5000	3.3170264	5.9596715	1.8023502	-0.38447905	0.00044422466	0.1	5995.597242355347
21	0.8684211	0.33803242	1.0	0.0	0.8	0.4	1.0	0.0	6.7105265	7.4	5250	3.3447144	6.008417	1.774349	-0.3556288	0.00048365456	0.1	6305.0532143116
22	0.9142857	0.27994168	1.0	0.0	1.0	0.0	1.0	1.0	7.142857	8.0	5500	3.3677979	6.0500207	1.770926	-0.35604483	0.0004907083	0.1	6616.7013194561005
23	0.88235295	0.32218975	1.0	0.0	0.8	0.4	1.0	0.0	7.0588236	4.6	5750	3.4054663	6.116363	1.7156556	-0.34692878	0.0005021295	0.1	6902.806535720825
24	0.9736842	0.16007271	1.0	0.0	1.0	0.0	1.0	1.0	6.868421	13.2	6000	3.4038892	6.113428	1.6715508	-0.32404634	0.00046740493	0.1	7241.245090723038
25	0.9111111	0.2845833	1.0	0.0	0.8	0.40000004	1.0	0.0	5.5333333	8.2	6250	3.4215498	6.144721	1.7985634	-0.3559469	0.00034435812	0.1	7571.748268842697
26	0.96666664	0.1795055	1.0	0.0	1.0	0.0	1.0	1.0	8.366667	10.0	6500	3.4688482	6.229573	1.6802475	-0.3546614	0.00033885223	0.1	7887.404237985611
27	0.8857143	0.31815797	1.0	0.0	0.8	0.4	1.0	0.0	7.0285716	9.2	6750	3.471474	6.2338896	1.6987693	-0.31740692	0.00044481747	0.1	8201.931908369064
28	0.9	0.29999998	1.0	0.0	0.8	0.4	1.0	0.0	8.5	6.0	7000	3.4748392	6.2401323	1.7848356	-0.39540228	0.00045050174	0.1	8500.580601215363
29	0.8918919	0.3105169	1.0	0.0	0.8	0.4	1.0	0.0	6.7297297	3.2	7250	3.464612	6.221785	1.7092525	-0.36192396	0.0003565673	0.1	8792.933607816696
30	0.8918919	0.3105169	1.0	0.0	0.8	0.40000004	1.0	0.0	6.7297297	8.4	7500	3.4802415	6.2502117	1.6716477	-0.36340287	0.0003246768	0.1	9111.917695999146
31	0.8076923	0.39411348	1.0	0.0	1.0	0.0	1.0	1.0	9.461538	7.4	7750	3.4809058	6.2509522	1.710605	-0.4072513	0.00032780165	0.1	9409.934202671051
32	0.8333333	0.372678	1.0	0.0	0.8	0.4	1.0	0.0	7.0277777	4.6	8000	3.5087883	6.3013215	1.7181731	-0.37569803	0.00027202175	0.1	9711.94231057167
33	0.90909094	0.28747982	1.0	0.0	1.0	0.0	1.0	1.0	5.75	6.2	8250	3.4930596	6.272639	1.7161611	-0.40197796	0.00028459908	0.1	10028.33509349823
34	0.88372093	0.32055926	1.0	0.0	1.0	0.0	1.0	1.0	5.4883723	6.0	8500	3.4907672	6.2689433	1.7533574	-0.47196054	0.0002730341	0.1	10331.39895939827
35	1.0	0.0	1.0	1.0	1.0	0.0	1.0	1.0	6.868421	8.8	8750	3.5023708	6.2899594	1.7130259	-0.31690603	0.00024318737	0.1	10657.742367982864
36	0.8974359	0.3033887	1.0	0.0	1.0	0.0	1.0	1.0	6.4358974	6.0	9000	3.500367	6.286189	1.7316514	-0.36101043	0.00023980823	0.1	10969.886364936829
37	0.969697	0.17141983	1.0	0.0	1.0	0.0	1.0	1.0	7.5151515	7.8	9250	3.496011	6.2787733	1.6927601	-0.40937775	0.00024979	0.1	11276.502755403519
38	0.8695652	0.33678114	1.0	0.0	1.0	0.0	1.0	1.0	5.4130435	4.4	9500	3.4771323	6.245034	1.7439396	-0.35972416	0.00023636142	0.1	11582.951277017593
39	0.9459459	0.22612432	1.0	0.0	1.0	0.0	1.0	1.0	6.810811	6.6	9750	3.4721699	6.2364135	1.7203177	-0.38065687	0.00022935159	0.1	11892.023470878601
40	0.90909094	0.2874798	1.0	0.0	1.0	0.0	1.0	1.0	7.5454545	5.6	10000	3.5128722	6.309703	1.6328213	-0.3644571	0.00021750208	0.1	12195.016174793243
41	0.8918919	0.3105169	1.0	0.0	1.0	0.0	1.0	1.0	6.8378377	6.6	10250	3.5264685	6.333653	1.7006943	-0.40539852	0.00024002396	0.1	12498.024832248688
42	0.9411765	0.23529412	1.0	0.0	1.0	0.0	1.0	1.0	7.2058825	6.2	10500	3.5458076	6.3678937	1.7590879	-0.32757056	0.00022477105	0.1	12797.16976737976
43	0.8648649	0.34186783	1.0	0.0	1.0	0.0	1.0	1.0	6.810811	5.6	10750	3.5330777	6.3456025	1.8008229	-0.35128832	0.00023570028	0.1	13093.306612968445
44	0.9230769	0.26646933	1.0	0.0	1.0	0.0	1.0	1.0	6.4102564	9.8	11000	3.5219479	6.325865	1.8084086	-0.42871368	0.0002445728	0.1	13420.554138422012
45	0.9189189	0.2729596	1.0	0.0	0.8	0.40000004	1.0	0.0	6.756757	4.8	11250	3.5262804	6.3331494	1.7421025	-0.3891216	0.00027042112	0.1	13718.403225183487
46	0.84210527	0.3646423	1.0	0.0	1.0	0.0	1.0	1.0	6.6842103	8.6	11500	3.508719	6.302135	1.7132852	-0.36800092	0.00021557549	0.1	14021.539655447006
47	0.975	0.15612495	1.0	0.0	1.0	0.0	1.0	1.0	6.0	5.4	11750	3.5184224	6.3194175	1.7213123	-0.36433262	0.00024606605	0.1	14326.580174684525
48	0.97619045	0.15245534	1.0	0.0	1.0	0.0	1.0	1.0	6.047619	6.2	12000	3.519771	6.321793	1.6702285	-0.36079845	0.0002498084	0.1	14635.524467468262
49	0.8857143	0.31815797	1.0	0.0	0.8	0.4	1.0	0.0	7.0857143	6.2	12250	3.5056093	6.296286	1.8041971	-0.39051515	0.00023770655	0.1	14942.340951442719
50	0.94736844	0.22329688	1.0	0.0	1.0	0.0	1.0	1.0	6.736842	4.2	12500	3.544425	6.3667836	1.8029795	-0.4468894	0.00023484719	0.1	15242.277636051178
51	0.94871795	0.22057246	1.0	0.0	1.0	0.0	1.0	1.0	6.4102564	4.8	12750	3.5506759	6.3775654	1.7381082	-0.364874	0.00025678426	0.1	15546.750217437744
52	0.8918919	0.3105169	1.0	0.0	1.0	0.0	1.0	1.0	6.675676	5.4	13000	3.5778277	6.4254107	1.7442533	-0.35389096	0.00020116722	0.1	15835.231706142426
53	0.9714286	0.16659863	1.0	0.0	1.0	0.0	1.0	1.0	7.2285714	7.0	13250	3.5763083	6.4230447	1.8252375	-0.40488243	0.00020737844	0.1	16146.311781406403
54	0.89361703	0.30832714	1.0	0.0	0.8	0.40000004	1.0	0.0	5.319149	6.6	13500	3.5789516	6.4277315	1.6957269	-0.35254878	0.00017479663	0.1	16469.079429388046
55	0.8	0.4	1.0	0.0	1.0	0.0	1.0	1.0	5.5333333	5.6	13750	3.5644288	6.401778	1.7783635	-0.36582065	0.00017510296	0.1	16788.767231941223
56	0.8888889	0.3142697	1.0	0.0	1.0	0.0	1.0	1.0	5.5111113	6.8	14000	3.5525997	6.3810306	1.6758425	-0.40662926	0.00017549629	0.1	17107.966893672943
57	0.85714287	0.3499271	1.0	0.0	1.0	0.0	1.0	1.0	7.0571427	7.6	14250	3.524671	6.3304477	1.8061817	-0.41111815	0.00018568453	0.1	17408.65561747551
58	0.875	0.3307189	1.0	0.0	1.0	0.0	1.0	1.0	6.425	8.4	14500	3.5020356	6.2901573	1.6841657	-0.442759	0.00018064163	0.1	17716.312046289444
59	0.8947368	0.3068922	1.0	0.0	1.0	0.0	1.0	1.0	6.605263	6.8	14750	3.528795	6.338408	1.725018	-0.35219067	0.00016801398	0.1	18019.02480173111
60	0.8333333	0.37267798	1.0	0.0	0.6	0.48989794	1.0	0.0	5.904762	3.2	15000	3.5301156	6.3407907	1.7944455	-0.38962823	0.000248759	0.1	18311.649697065353
61	0.9268293	0.26041654	1.0	0.0	0.8	0.4	1.0	0.0	6.121951	6.0	15250	3.5175698	6.3188066	1.8669856	-0.39414605	0.00023577223	0.1	18620.434159994125
62	0.8717949	0.3343181	1.0	0.0	1.0	0.0	1.0	1.0	6.3846154	4.6	15500	3.5093267	6.304615	1.7999011	-0.38628632	0.00020121959	0.1	18920.034883499146
63	0.92105263	0.2696566	1.0	0.0	1.0	0.0	1.0	1.0	6.5526314	5.6	15750	3.5051157	6.2966413	1.7279109	-0.4308549	0.00018574689	0.1	19223.659558057785
64	0.8863636	0.3173691	1.0	0.0	1.0	0.0	1.0	1.0	5.568182	6.0	16000	3.4908824	6.2717643	1.7024466	-0.42466116	0.00023793215	0.1	19530.459433317184
65	0.8974359	0.30338874	1.0	0.0	1.0	0.0	1.0	1.0	6.4102564	5.4	16250	3.4840536	6.2599525	1.6856611	-0.4005729	0.00019707614	0.1	19834.05237174034
66	0.95	0.21794495	1.0	0.0	0.6	0.48989794	1.0	0.0	6.3	4.8	16500	3.503795	6.2951283	1.7848511	-0.3937282	0.00019691761	0.1	20130.741428613663
67	0.875	0.3307189	1.0	0.0	1.0	0.0	1.0	1.0	6.275	4.4	16750	3.523132	6.3299127	1.7139609	-0.38310283	0.0001729357	0.1	20426.054346084595
68	0.9722222	0.16433555	1.0	0.0	1.0	0.0	1.0	1.0	6.888889	6.2	17000	3.5199385	6.324615	1.8300539	-0.33979803	0.00017875263	0.1	20728.750694990158
69	0.8666667	0.33993468	1.0	0.0	0.8	0.40000004	1.0	0.0	5.577778	5.8	17250	3.5256543	6.334508	1.619626	-0.38122413	0.00017230805	0.1	21041.087020874023
70	0.88372093	0.32055926	1.0	0.0	1.0	0.0	1.0	1.0	5.7906976	7.0	17500	3.5385878	6.356907	1.7393956	-0.336639	0.0001811153	0.1	21364.30262708664
71	0.92	0.27129322	1.0	0.0	0.8	0.4	1.0	0.0	5.12	5.4	17750	3.5438871	6.3666115	1.8251278	-0.33906603	0.00018267492	0.1	21683.16615843773
72	0.9512195	0.2154088	1.0	0.0	1.0	0.0	1.0	1.0	6.0	7.8	18000	3.541125	6.361886	1.7440562	-0.35000107	0.00016563883	0.1	22000.81388092041
73	0.90909094	0.2874798	1.0	0.0	1.0	0.0	1.0	1.0	7.4242425	4.6	18250	3.5463655	6.3716087	1.7643509	-0.35086566	0.00016086164	0.1	22296.238743782043
74	0.8913044	0.31125695	1.0	0.0	1.0	0.0	1.0	1.0	5.630435	5.6	18500	3.553781	6.3846726	1.801694	-0.36987162	0.00017077109	0.1	22609.078917503357
75	0.8958333	0.30547664	1.0	0.0	1.0	0.0	1.0	1.0	5.125	3.6	18750	3.5600312	6.395721	1.7818956	-0.37251136	0.00017476045	0.1	22921.33511209488
76	0.9318182	0.2520576	1.0	0.0	1.0	0.0	1.0	1.0	5.7954545	6.0	19000	3.564126	6.40317	1.7256899	-0.34451026	0.00016442605	0.1	23236.73505282402
77	0.8863636	0.3173691	1.0	0.0	0.8	0.4	1.0	0.0	5.681818	6.4	19250	3.5660799	6.40714	1.7696351	-0.36780128	0.0001887948	0.1	23549.471262931824
78	0.93333334	0.2494438	1.0	0.0	0.8	0.40000004	1.0	0.0	5.5111113	7.6	19500	3.5512042	6.3807364	1.8053579	-0.35532975	0.0001581085	0.1	23870.53510451317
79	0.88372093	0.3205593	1.0	0.0	0.8	0.4	1.0	0.0	5.744186	6.4	19750	3.5278678	6.33879	1.8931234	-0.37689292	0.00016250813	0.1	24183.95113825798
80	0.9705882	0.16895773	1.0	0.0	1.0	0.0	1.0	1.0	7.5	4.8	20000	3.5083866	6.303991	1.9393979	-0.39884943	0.00017713768	0.1	24481.00003886223
81	0.88095236	0.32384452	1.0	0.0	1.0	0.0	1.0	1.0	5.8333335	6.6	20250	3.5112088	6.3090725	1.8040383	-0.38418576	0.00019623985	0.1	24795.52015733719
82	0.8648649	0.34186783	1.0	0.0	1.0	0.0	1.0	1.0	6.810811	6.6	20500	3.5144422	6.3147974	1.8805814	-0.3642589	0.0001634501	0.1	25095.88136768341
83	0.88095236	0.32384452	1.0	0.0	1.0	0.0	1.0	1.0	5.9761906	5.6	20750	3.5117474	6.3102136	1.6023761	-0.45019245	0.00017311137	0.1	25406.113141298294
84	0.875	0.3307189	1.0	0.0	1.0	0.0	1.0	1.0	6.2	6.0	21000	3.5186982	6.323085	1.718684	-0.4915354	0.00019005683	0.1	25711.585982322693
85	0.902439	0.29672012	1.0	0.0	0.8	0.40000004	1.0	0.0	6.121951	8.2	21250	3.5433655	6.36684	1.8962886	-0.36374992	0.00016777923	0.1	26029.7935090065
86	0.95	0.21794495	1.0	0.0	1.0	0.0	1.0	1.0	6.275	5.8	21500	3.5553682	6.3885117	1.7921259	-0.39528045	0.00016133007	0.1	26339.10559439659
87	0.9285714	0.25753936	1.0	0.0	1.0	0.0	1.0	1.0	6.0	4.6	21750	3.5498688	6.378405	1.9100121	-0.38512856	0.00017473102	0.1	26642.658275842667
88	0.825	0.3799671	1.0	0.0	0.8	0.40000004	1.0	0.0	6.125	8.2	22000	3.5416548	6.36425	1.8247366	-0.39186692	0.00016113555	0.1	26960.770069360733
89	0.85365856	0.3534482	1.0	0.0	0.8	0.4	1.0	0.0	6.121951	10.0	22250	3.5452747	6.370847	1.6552079	-0.40705186	0.0001879704	0.1	27287.60953783989
90	0.95348835	0.21059036	1.0	0.0	0.8	0.4	1.0	0.0	5.860465	10.8	22500	3.5791662	6.4317055	1.8340604	-0.34365416	0.00018456744	0.1	27613.433372974396
91	0.92105263	0.2696566	1.0	0.0	1.0	0.0	1.0	1.0	6.0	5.8	22750	3.5817578	6.4361105	1.8787951	-0.37878478	0.00017742997	0.1	27915.84941792488
92	0.8043478	0.39670193	1.0	0.0	1.0	0.0	1.0	1.0	5.847826	3.8	23000	3.5768783	6.4280114	1.8272076	-0.37575442	0.00016998088	0.1	28221.170301437378
93	0.8888889	0.3142697	1.0	0.0	1.0	0.0	1.0	1.0	5.6	6.4	23250	3.5542934	6.387141	1.8890028	-0.37315848	0.00014850755	0.1	28538.08973145485
94	0.8780488	0.32722944	1.0	0.0	1.0	0.0	1.0	1.0	6.0	4.8	23500	3.5415952	6.364406	1.830663	-0.3937434	0.00015199489	0.1	28839.178382396698
95	0.9230769	0.26646933	1.0	0.0	1.0	0.0	1.0	1.0	6.4358974	7.0	23750	3.5372713	6.3567986	1.8181417	-0.40296954	0.00013987311	0.1	29147.7784409523
96	0.97619045	0.15245534	1.0	0.0	1.0	0.0	1.0	1.0	6.071429	5.8	24000	3.5384061	6.35863	1.6784734	-0.3611877	0.00014429988	0.1	29462.602654218674
97	0.9166667	0.2763854	1.0	0.0	1.0	0.0	1.0	1.0	6.861111	3.8	24250	3.5290487	6.3427305	1.7557836	-0.41734117	0.00022104586	0.1	29758.027349233627
98	1.0	0.0	1.0	1.0	0.8	0.4	1.0	0.0	5.883721	6.8	24500	3.541316	6.3645825	1.922329	-0.33354723	0.00017938302	0.1	30075.54705095291
99	0.9189189	0.2729596	1.0	0.0	1.0	0.0	1.0	1.0	6.675676	6.8	24750	3.5630298	6.4034543	1.8411976	-0.37829006	0.00017090324	0.1	30390.195063829422
100	0.9736842	0.1600727	1.0	0.0	1.0	0.0	1.0	1.0	6.631579	6.0	25000	3.5658035	6.4081087	1.7003573	-0.40205365	0.00015053907	0.1	30690.79572749138
