Epoch	AverageEpRet	StdEpRet	MaxEpRet	MinEpRet	AverageTestEpRet	StdTestEpRet	MaxTestEpRet	MinTestEpRet	EpLen	TestEpLen	TotalEnvInteracts	AverageQ1Vals	StdQ1Vals	MaxQ1Vals	MinQ1Vals	AverageQ2Vals	StdQ2Vals	MaxQ2Vals	MinQ2Vals	PiEntropy	TargEntropy	Alpha	LossPi	LossQ1	LossQ2	LossAlpha	Time
1	0.22222222	0.41573972	1.0	0.0	0.0	0.0	0.0	0.0	6.888889	25.0	250	1.3390538	0.4190376	2.902461	-0.09909989	1.3377417	0.42107755	2.908165	-0.25336903	1.5740151	0.16094379	0.9242875	-2.857204	0.02941856	0.02888107	-0.12498933	15.928843975067139
2	0.29411766	0.45564508	1.0	0.0	0.0	0.0	0.0	0.0	14.470589	25.0	500	1.260352	0.29657242	1.801511	-0.054644823	1.2604551	0.299146	1.7606779	-0.14198063	1.5524745	0.16094379	0.56256765	-2.1923292	0.009080687	0.00717383	-0.8141504	29.311582565307617
3	0.2857143	0.45175394	1.0	0.0	0.0	0.0	0.0	0.0	17.214285	25.0	750	0.92704785	0.20245399	1.2931508	-0.12732352	0.9270998	0.20858291	1.2982099	-0.11527489	1.5582618	0.16094379	0.3423543	-1.4726305	0.0016505154	0.00087946287	-1.5131049	42.45964479446411
4	0.4	0.489898	1.0	0.0	0.8	0.4	1.0	0.0	13.2	6.8	1000	0.6389048	0.15466617	1.1104549	-0.0991009	0.63896674	0.15698726	1.1277914	-0.08846477	1.541855	0.16094379	0.20748354	-0.96857977	0.00052777823	0.00036819937	-2.1810236	52.38624453544617
5	0.81578946	0.3876558	1.0	0.0	0.95	0.21794493	1.0	0.0	6.1842103	3.5	1250	0.46731696	0.16104065	1.1981405	-0.10786488	0.46736977	0.16171527	1.1849105	-0.12149299	1.333146	0.16094379	0.12969951	-0.700906	0.0007107029	0.0006642004	-2.3939	61.56345224380493
6	0.95384616	0.20981817	1.0	0.0	1.0	0.0	1.0	1.0	4.1076922	2.6	1500	0.41047618	0.20933484	1.3854467	-0.17766567	0.41050297	0.20947859	1.5268018	-0.12801196	1.0121431	0.16094379	0.08703242	-0.6009774	0.00096832	0.00094330346	-2.0715058	70.62887406349182
7	0.98	0.14	1.0	0.0	1.0	0.0	1.0	1.0	2.5	2.45	1750	0.4148438	0.24551484	1.4663992	-0.10359388	0.41486877	0.24554028	1.5540802	-0.10787508	0.6891319	0.16094379	0.06433404	-0.5838077	0.00094626157	0.0008988209	-1.445607	79.96602272987366
8	0.97938144	0.14210358	1.0	0.0	1.0	0.0	1.0	1.0	2.5773196	2.6	2000	0.43800393	0.26817462	1.4541228	-0.07692266	0.43802497	0.2683507	1.5261039	-0.05946126	0.50148857	0.16094379	0.05122695	-0.5885354	0.0008538098	0.0007853683	-1.010365	89.27371168136597
9	0.990566	0.09666934	1.0	0.0	1.0	0.0	1.0	1.0	2.3584905	2.45	2250	0.4610572	0.2826685	1.4233727	-0.0965131	0.46109253	0.2828764	1.4701372	-0.1548733	0.3725241	0.16094379	0.042802297	-0.5998959	0.0009327562	0.0008769628	-0.6659122	98.73813676834106
10	1.0	0.0	1.0	1.0	1.0	0.0	1.0	1.0	2.6041667	2.5	2500	0.48594573	0.2897913	1.3878691	-0.06357778	0.48598692	0.28997147	1.4441541	-0.058600377	0.29566905	0.16094379	0.037120886	-0.608838	0.0008555516	0.00079146185	-0.4431014	108.08138418197632
11	0.99029124	0.098053426	1.0	0.0	1.0	0.0	1.0	1.0	2.407767	2.55	2750	0.5072838	0.29461077	1.2797295	-0.056212343	0.5073314	0.29476738	1.2696991	-0.054640613	0.24752319	0.16094379	0.03316312	-0.620083	0.0008682491	0.00081569544	-0.2946191	117.57740211486816
12	1.0	0.0	1.0	1.0	1.0	0.0	1.0	1.0	2.52	2.3	3000	0.51755863	0.29743975	1.3956188	-0.064317726	0.51752627	0.29758203	1.4047625	-0.076626316	0.21382506	0.16094379	0.030319557	-0.6199353	0.0008768382	0.00086567254	-0.1847515	126.99332594871521
13	1.0	0.0	1.0	1.0	1.0	0.0	1.0	1.0	2.2522523	2.2	3250	0.5258601	0.29919887	1.4479403	-0.055000573	0.52590173	0.29934084	1.4469543	-0.06520023	0.19235693	0.16094379	0.028307686	-0.6262432	0.0009267196	0.000911599	-0.11193857	136.32752346992493
14	1.0	0.0	1.0	1.0	1.0	0.0	1.0	1.0	2.4313726	2.2	3500	0.5412325	0.30053777	1.3860546	-0.058278225	0.54124296	0.3006041	1.421714	-0.056849934	0.17940225	0.16094379	0.02696045	-0.63282734	0.0009020995	0.00088744925	-0.06674052	145.7173776626587
15	1.0	0.0	1.0	1.0	1.0	0.0	1.0	1.0	2.5	2.15	3750	0.5470455	0.29968715	1.3852525	-0.052999765	0.5469937	0.29967618	1.4123844	-0.070047244	0.17211099	0.16094379	0.025609903	-0.63243014	0.00090881385	0.00092648086	-0.040803984	155.00601887702942
16	1.0	0.0	1.0	1.0	1.0	0.0	1.0	1.0	2.4950495	2.5	4000	0.55924815	0.30040935	1.421531	-0.052197456	0.55925363	0.3004078	1.4340842	-0.044138122	0.15915461	0.16094379	0.02543086	-0.6414344	0.0008525705	0.0008515836	0.006581836	164.4554226398468
17	1.0	0.0	1.0	1.0	1.0	0.0	1.0	1.0	2.4455445	2.5	4250	0.5641935	0.30035344	1.5143756	-0.04998129	0.5641588	0.30049485	1.528981	-0.056121614	0.15844426	0.16094379	0.025662834	-0.64176625	0.0008811723	0.000875349	0.009157194	173.8961579799652
18	1.0	0.0	1.0	1.0	1.0	0.0	1.0	1.0	2.364486	2.25	4500	0.5740908	0.3011776	1.5175823	-0.048300907	0.5741243	0.30115533	1.5413213	-0.068780676	0.14618391	0.16094379	0.026735554	-0.6494302	0.00087257096	0.00088831765	0.053357873	183.30082726478577
19	1.0	0.0	1.0	1.0	1.0	0.0	1.0	1.0	2.4215686	2.7	4750	0.57530355	0.30010664	1.5326743	-0.041391283	0.5753245	0.30011404	1.5044533	-0.048939504	0.15415967	0.16094379	0.028629959	-0.6460303	0.00096996775	0.0009419266	0.024082782	192.80682063102722
20	1.0	0.0	1.0	1.0	1.0	0.0	1.0	1.0	2.4095237	2.65	5000	0.586027	0.3011608	1.4220464	-0.061660953	0.58603114	0.30119812	1.4205539	-0.05422546	0.15708956	0.16094379	0.029938964	-0.65323377	0.00088409643	0.00087443145	0.013546572	202.07960605621338
21	1.0	0.0	1.0	1.0	1.0	0.0	1.0	1.0	2.3714285	2.35	5250	0.59156865	0.30046123	1.4933968	-0.04830044	0.59154993	0.30052835	1.5019103	-0.051708065	0.15518913	0.16094379	0.031186651	-0.65722424	0.00088604866	0.00086280215	0.019995855	211.54488158226013
22	0.99038464	0.09758549	1.0	0.0	1.0	0.0	1.0	1.0	2.3942308	2.45	5500	0.6003934	0.29915118	1.4773766	-0.09711432	0.6004288	0.29921448	1.4517686	-0.07929361	0.15632944	0.16094379	0.032336205	-0.6630156	0.00088724715	0.0008654356	0.015834782	221.0033655166626
23	1.0	0.0	1.0	1.0	1.0	0.0	1.0	1.0	2.4705882	2.45	5750	0.59802955	0.2972579	1.4862704	-0.058221083	0.5979787	0.29740357	1.4773322	-0.045893826	0.16431585	0.16094379	0.032569565	-0.6582484	0.00088897545	0.0008689113	-0.011512092	230.67537569999695
24	1.0	0.0	1.0	1.0	1.0	0.0	1.0	1.0	2.4038463	2.4	6000	0.6050261	0.29805854	1.4558983	-0.06150598	0.60504293	0.29806155	1.48925	-0.048905797	0.15815198	0.16094379	0.032612327	-0.66159964	0.0009850808	0.0009774904	0.009590716	240.2987048625946
