Epoch	AverageEpRet	StdEpRet	MaxEpRet	MinEpRet	AverageTestEpRet	StdTestEpRet	MaxTestEpRet	MinTestEpRet	EpLen	TestEpLen	TotalEnvInteracts	AverageQ1Vals	StdQ1Vals	MaxQ1Vals	MinQ1Vals	AverageQ2Vals	StdQ2Vals	MaxQ2Vals	MinQ2Vals	LogPPi	TargEntropy	Alpha	LossPi	LossQ1	LossQ2	LossAlpha	Time
1	0.20512821	0.4037953	1.0	0.0	0.0	0.0	0.0	0.0	6.4358974	35.0	250	1.9305323	1.0658327	4.134888	-4.785098	1.9341673	1.0556313	4.080833	-4.085301	-1.7274873	-6.0	0.7964407	-3.348912	0.68718326	0.6766699	-1.8624063	21.396674394607544
2	0.3181818	0.46577048	1.0	0.0	0.0	0.0	0.0	0.0	10.954545	35.0	500	3.055103	1.1264212	5.131215	-0.55674934	3.055412	1.1293181	5.1678557	-0.63925683	-1.6577765	-6.0	0.48402575	-4.0952206	0.09223621	0.08980246	-5.621418	41.47378325462341
3	0.0	0.0	0.0	0.0	0.0	0.0	0.0	0.0	22.8	35.0	750	3.4805288	1.1617675	5.34829	-0.9350046	3.4806612	1.163168	5.364445	-0.74937797	-1.3763238	-6.0	0.29716027	-4.162715	0.07559392	0.074392095	-9.0144205	60.97092938423157
4	0.0	0.0	0.0	0.0	0.0	0.0	0.0	0.0	35.0	35.0	1000	3.6981876	1.0926287	5.255258	-0.73638886	3.6980016	1.0946225	5.3275723	-0.7525687	-1.1952353	-6.0	0.18325494	-4.1923976	0.050442137	0.049337313	-12.268844	80.03045868873596
5	0.0	0.0	0.0	0.0	0.0	0.0	0.0	0.0	28.375	35.0	1250	3.6737278	0.97892827	5.011293	-0.81473804	3.673363	0.9800604	5.0547504	-0.79756874	-1.0188031	-6.0	0.1133567	-4.043368	0.028322205	0.028361088	-15.347316	99.7079668045044
6	0.0	0.0	0.0	0.0	0.0	0.0	0.0	0.0	35.0	35.0	1500	3.4649854	0.86525726	4.586575	-0.8032235	3.465067	0.86599505	4.5992446	-0.7778444	-0.8617974	-6.0	0.070085436	-3.7376547	0.019946331	0.019789506	-18.299671	119.62107872962952
7	0.0	0.0	0.0	0.0	0.0	0.0	0.0	0.0	35.0	35.0	1750	3.2036595	0.7338224	4.2630873	-0.69640905	3.2036335	0.73404473	4.2326546	-0.60316306	-0.7236556	-6.0	0.043375548	-3.410656	0.009473832	0.009270374	-21.157524	138.61852431297302
8	0.125	0.3307189	1.0	0.0	0.0	0.0	0.0	0.0	31.25	35.0	2000	2.9348955	0.60887253	3.7312706	-0.6944215	2.9348736	0.60891914	3.7150884	-0.72978264	-0.5998921	-6.0	0.026837964	-3.0865455	0.006725354	0.0066679353	-23.936367	157.73691058158875
9	0.1	0.29999998	1.0	0.0	0.0	0.0	0.0	0.0	28.4	35.0	2250	2.6390958	0.5189537	3.3425314	-0.68769556	2.6392198	0.51875496	3.298523	-0.5726259	-0.49471363	-6.0	0.016602833	-2.7495854	0.004661959	0.004376537	-26.678389	176.8302183151245
10	0.0	0.0	0.0	0.0	0.0	0.0	0.0	0.0	35.0	35.0	2500	2.3479457	0.4381194	2.9475324	-0.48600298	2.3479638	0.43824488	2.93516	-0.36480367	-0.18948418	-6.0	0.010276354	-2.4368136	0.0036485181	0.0034841876	-28.363531	195.8793351650238
11	0.0	0.0	0.0	0.0	0.0	0.0	0.0	0.0	35.0	35.0	2750	2.0849586	0.37522978	2.638725	-0.4379959	2.0849147	0.37566966	2.6525412	-0.47875115	0.013492864	-6.0	0.006466337	-2.1551008	0.0023949344	0.0024436426	-30.239305	215.04972457885742
12	0.0	0.0	0.0	0.0	0.0	0.0	0.0	0.0	35.0	35.0	3000	1.8487229	0.30564463	2.3323522	-0.49778956	1.8487809	0.30566564	2.3357744	-0.41024175	0.34405017	-6.0	0.004053609	-1.9006784	0.0016049736	0.0015952127	-31.18762	234.16387915611267
13	0.0	0.0	0.0	0.0	0.0	0.0	0.0	0.0	35.0	35.0	3250	1.6312872	0.25660825	2.1231549	-0.41609332	1.6312399	0.25678986	2.0945122	-0.42675105	0.58883804	-6.0	0.0025726133	-1.6693866	0.00108145	0.0009567592	-32.30964	253.19996070861816
14	0.0	0.0	0.0	0.0	0.0	0.0	0.0	0.0	35.0	35.0	3500	1.4327626	0.218757	1.7930542	-0.5503458	1.4327581	0.2191192	1.7830011	-0.77440387	0.79153746	-6.0	0.0016281825	-1.4616457	0.000792978	0.0008677294	-33.477577	272.26390838623047
15	0.0	0.0	0.0	0.0	0.0	0.0	0.0	0.0	35.0	33.45	3750	1.2652761	0.1763654	1.6056383	-0.25542074	1.2652744	0.17667884	1.6076165	-0.29788193	1.2529693	-6.0	0.0010404574	-1.2857082	0.00050344993	0.00045898766	-32.632885	291.0015137195587
16	0.0	0.0	0.0	0.0	0.0	0.0	0.0	0.0	35.0	35.0	4000	1.1123195	0.15246144	1.4023627	-0.523711	1.1122395	0.1524283	1.4086151	-0.60018694	1.9258972	-6.0	0.0006761509	-1.126371	0.0005804342	0.00076306524	-29.708916	310.01805424690247
17	0.0	0.0	0.0	0.0	0.1	0.29999998	1.0	0.0	35.0	26.95	4250	0.97486436	0.13132752	1.4518982	-0.48706692	0.9749046	0.13146006	1.2027298	-0.37670982	1.9911114	-6.0	0.00045114383	-0.9848443	0.00057845516	0.00044808985	-30.8797	327.7210340499878
18	0.09090909	0.2874798	1.0	0.0	0.15	0.35707143	1.0	0.0	23.09091	2.9	4500	0.8492816	0.11658788	1.366139	-0.6138708	0.8492626	0.1173301	1.2306755	-0.6333979	5.7739635	-6.0	0.0003427088	-0.8610975	0.0010491605	0.0010120833	-1.7723829	341.1073999404907
19	0.1764706	0.38122004	1.0	0.0	0.15	0.35707143	1.0	0.0	14.411765	16.4	4750	0.74356157	0.09809098	1.2270768	-0.8285012	0.7435482	0.09960161	1.2200651	-0.43669555	6.991799	-6.0	0.0003893763	-0.7547079	0.0018496218	0.0016575704	7.8611817	356.63656520843506
20	0.15384616	0.36080122	1.0	0.0	0.1	0.29999998	1.0	0.0	18.615385	31.6	5000	0.64700913	0.09803247	1.4607224	-0.418305	0.64706653	0.0997351	1.2830695	-0.56339043	5.4910274	-6.0	0.00039063508	-0.65395606	0.0014195978	0.001437048	-4.0100546	375.2815179824829
21	0.34375	0.47495887	1.0	0.0	0.4	0.48989794	1.0	0.0	7.5625	11.1	5250	0.5703953	0.10683508	1.3871592	-0.66379184	0.5703632	0.1063329	1.2023973	-0.6705013	8.77188	-6.0	0.00044772046	-0.57670885	0.003475438	0.0035346048	21.429964	390.14692091941833
22	0.525	0.4993746	1.0	0.0	0.3	0.4582576	1.0	0.0	6.75	11.6	5500	0.5282437	0.113091126	1.4505086	-0.2271161	0.52837026	0.114280954	1.6076022	-0.23389465	6.829733	-6.0	0.00059756456	-0.56247056	0.003151069	0.0030464581	6.194851	405.1281192302704
23	0.5833333	0.49300665	1.0	0.0	0.5	0.5	1.0	0.0	4.1833334	4.85	5750	0.52085227	0.13412829	1.3998216	-0.45516673	0.5206378	0.13438854	1.4170144	-0.3191875	5.5176444	-6.0	0.000607333	-0.5657701	0.0030796006	0.0032441937	-3.5844114	419.00390625
24	0.6865672	0.46388867	1.0	0.0	0.6	0.4898979	1.0	0.0	3.7462687	6.9	6000	0.55385166	0.15726505	1.2896094	-0.42543614	0.55396605	0.1574699	1.295858	-0.49865752	7.596395	-6.0	0.0006395618	-0.6241908	0.004109437	0.004057014	11.696818	433.1995496749878
25	0.72043014	0.44878793	1.0	0.0	0.85	0.35707143	1.0	0.0	2.688172	2.35	6250	0.58338255	0.17468819	1.3854237	-0.5050561	0.5832853	0.17390218	1.3808436	-0.38014543	6.250116	-6.0	0.0008656113	-0.63329995	0.0045977747	0.0047342386	1.7896959	447.1822316646576
26	0.8426966	0.36408654	1.0	0.0	0.85	0.35707143	1.0	0.0	2.786517	2.6	6500	0.58175004	0.20016886	1.6015114	-0.38566512	0.58205813	0.20054923	1.4497948	-0.35236514	5.24304	-6.0	0.0007490054	-0.63180363	0.0045625563	0.0042766454	-5.442562	460.95828580856323
27	0.7525773	0.4315144	1.0	0.0	0.8	0.4	1.0	0.0	2.5876288	2.25	6750	0.61395216	0.21350619	1.3661549	-0.35502672	0.6138811	0.21325462	1.3389481	-0.37373167	6.902147	-6.0	0.000770132	-0.68262124	0.004637965	0.004810112	6.467002	474.83506178855896
28	0.86419755	0.3425787	1.0	0.0	0.9	0.29999998	1.0	0.0	3.0864198	1.85	7000	0.6237077	0.22840983	1.4247547	-0.43482918	0.62377536	0.22786799	1.3296198	-0.6189533	5.476432	-6.0	0.0008115244	-0.67063904	0.00400963	0.004019106	-3.7191641	488.1868278980255
29	0.83076924	0.37495562	1.0	0.0	0.9	0.29999998	1.0	0.0	3.8615384	2.1	7250	0.64681715	0.229414	1.3784813	-0.6370043	0.64687806	0.22908497	1.4550707	-0.29990658	5.906475	-6.0	0.00073076284	-0.7033856	0.0040235827	0.0040814145	-0.6735836	501.48754692077637
30	0.8989899	0.3013421	1.0	0.0	1.0	0.0	1.0	1.0	2.4848485	2.05	7500	0.6610727	0.22408825	1.3499228	-0.31404692	0.66101235	0.22357875	1.3269722	-0.48024055	5.9729033	-6.0	0.0006886872	-0.71864253	0.0034377882	0.0035591498	-0.19347534	515.0724914073944
31	0.8958333	0.30547667	1.0	0.0	0.75	0.4330127	1.0	0.0	2.6458333	1.85	7750	0.68914026	0.21334684	1.4477171	-0.48330203	0.6892206	0.21338093	1.489362	-0.45603973	5.8530545	-6.0	0.0006898496	-0.7490742	0.003333161	0.0032872765	-1.0686904	528.4212672710419
32	0.89285713	0.3092948	1.0	0.0	0.9	0.29999998	1.0	0.0	2.9642856	1.9	8000	0.7129257	0.20254433	1.2628144	-0.37877834	0.71305454	0.20227076	1.2909154	-0.36639452	5.7053924	-6.0	0.00062131276	-0.7765779	0.0027833704	0.002792291	-2.1799092	541.7260394096375
33	0.8795181	0.32552424	1.0	0.0	0.9	0.29999998	1.0	0.0	3.0	1.9	8250	0.73808426	0.19003642	1.2755579	-0.42094004	0.7380929	0.18935414	1.3166016	-0.3833863	5.7543044	-6.0	0.00050732645	-0.80124414	0.0021976833	0.0022798814	-1.8593208	555.6569631099701
34	0.9459459	0.22612435	1.0	0.0	1.0	0.0	1.0	1.0	2.2522523	2.55	8500	0.7543075	0.18480422	1.4119524	-0.49014086	0.7543153	0.18448515	1.3671361	-0.4351967	6.101756	-6.0	0.0004816092	-0.8108099	0.0021829195	0.0022417712	0.7768856	569.3067646026611
35	0.8956522	0.3057112	1.0	0.0	0.95	0.21794493	1.0	0.0	2.173913	2.1	8750	0.7648713	0.17952222	1.3738203	-0.33157992	0.76480615	0.17908756	1.3589166	-0.35743663	5.9203587	-6.0	0.00051490526	-0.81653696	0.002570831	0.002688746	-0.60480285	582.9628024101257
36	0.9591837	0.19786447	1.0	0.0	0.9	0.29999998	1.0	0.0	2.5510204	2.0	9000	0.7701316	0.18153909	1.2088518	-0.67099434	0.77014613	0.18071903	1.3022239	-0.3941865	6.1106143	-6.0	0.000495808	-0.82158005	0.0021037725	0.0022871608	0.84220225	596.5659816265106
37	0.972973	0.16216217	1.0	0.0	0.95	0.21794493	1.0	0.0	2.2612612	2.0	9250	0.7833385	0.18368381	1.3697418	-0.5029341	0.78345466	0.18317555	1.2118644	-0.4526242	5.929078	-6.0	0.00053133466	-0.83750844	0.0015197567	0.0015581823	-0.53707093	610.2338199615479
38	0.9611651	0.19320148	1.0	0.0	1.0	0.0	1.0	1.0	2.4368932	2.0	9500	0.78818727	0.18364024	1.2503953	-0.33916053	0.788229	0.18404824	1.2193782	-0.31882194	6.0941215	-6.0	0.0004977963	-0.84034944	0.0017751611	0.0016270039	0.7156801	623.8525791168213
39	0.95348835	0.21059036	1.0	0.0	0.95	0.21794495	1.0	0.0	1.9379845	2.05	9750	0.79087436	0.18292315	1.2121594	-0.4234658	0.79082775	0.18358709	1.3088369	-0.29810953	6.0748854	-6.0	0.0005488541	-0.84491146	0.0017026219	0.0015922494	0.56368387	637.4855964183807
40	0.95238096	0.21295886	1.0	0.0	1.0	0.0	1.0	1.0	1.9841269	1.6	10000	0.79904336	0.1777131	1.2146971	-0.34426942	0.7991751	0.178096	1.2121371	-0.3523379	5.87017	-6.0	0.0005348343	-0.8514511	0.0016196456	0.0014428224	-0.9772619	651.1620316505432
41	0.95238096	0.21295884	1.0	0.0	1.0	0.0	1.0	1.0	1.9761904	1.9	10250	0.80637574	0.17740874	1.1717743	-0.4611709	0.8064525	0.17781422	1.2264991	-0.3162104	6.07251	-6.0	0.00051687827	-0.85895705	0.001537302	0.0014311154	0.54950804	664.8226366043091
42	0.9831933	0.12854668	1.0	0.0	1.0	0.0	1.0	1.0	2.1092436	1.95	10500	0.8120523	0.1771739	1.1538115	-0.5061086	0.81206644	0.17678648	1.2174911	-0.33423322	6.0466485	-6.0	0.00055349554	-0.86382926	0.0013297858	0.001452353	0.35140416	678.4027216434479
43	0.97619045	0.15245534	1.0	0.0	0.95	0.21794493	1.0	0.0	1.9841269	2.3	10750	0.8232964	0.17116022	1.1802338	-0.43051097	0.8233109	0.17155975	1.1673503	-0.38844463	6.084675	-6.0	0.0005910921	-0.87207055	0.0012712613	0.0012398274	0.63208246	693.3984706401825
44	0.992126	0.088385604	1.0	0.0	1.0	0.0	1.0	1.0	1.9606299	2.2	11000	0.82705516	0.17042416	1.179024	-0.4180799	0.8271821	0.17024496	1.1602267	-0.49529922	5.9694996	-6.0	0.000598796	-0.8757151	0.0014745079	0.00134069	-0.225339	706.9256694316864
45	0.98275864	0.13016956	1.0	0.0	0.95	0.21794493	1.0	0.0	2.163793	1.9	11250	0.8331485	0.16894183	1.1408607	-0.7249685	0.83311915	0.1690791	1.1531769	-0.39920425	6.1227107	-6.0	0.0006180854	-0.88235974	0.0013154914	0.001294164	0.9078377	720.3596904277802
46	0.96	0.19595918	1.0	0.0	1.0	0.0	1.0	1.0	1.984	1.9	11500	0.8382173	0.16258124	1.1745714	-0.2718328	0.8382911	0.16225727	1.1810733	-0.6073525	5.9106784	-6.0	0.000648517	-0.8829718	0.0014562303	0.0014841238	-0.65724766	733.6931984424591
47	0.96850395	0.17465413	1.0	0.0	0.95	0.21794493	1.0	0.0	1.976378	1.8	11750	0.8397735	0.16151577	1.1675551	-0.37418294	0.839676	0.16262665	1.2576203	-0.37271672	5.979876	-6.0	0.0005932578	-0.88595057	0.0014319465	0.0013114054	-0.1485006	747.2888071537018
48	0.9758065	0.15364966	1.0	0.0	0.95	0.21794493	1.0	0.0	2.0080645	1.85	12000	0.8422905	0.1624838	1.1975682	-0.4061154	0.84236926	0.16297613	1.1509342	-0.41954035	5.9086375	-6.0	0.0005598389	-0.88491136	0.0013853622	0.0013228302	-0.68169725	761.0114352703094
49	0.972973	0.16216217	1.0	0.0	0.95	0.21794495	1.0	0.0	1.6891892	2.1	12250	0.8468683	0.16402291	1.1468564	-0.33594212	0.8468881	0.16346511	1.1424339	-0.38403955	5.976573	-6.0	0.0005317063	-0.8932638	0.0010598088	0.0010937513	-0.17529611	774.9621036052704
50	0.99248123	0.0863844	1.0	0.0	1.0	0.0	1.0	1.0	1.8947369	1.75	12500	0.8520405	0.15861136	1.1804953	-0.32436526	0.85211635	0.1588264	1.1616181	-0.43164504	6.003544	-6.0	0.00054606254	-0.8958341	0.0011413536	0.0010288748	0.027446473	788.4590799808502
51	0.9785714	0.14480811	1.0	0.0	1.0	0.0	1.0	1.0	1.7857143	1.9	12750	0.85103893	0.16543156	1.1747043	-0.31267017	0.85117203	0.16572951	1.1428287	-0.2752139	6.0132403	-6.0	0.0005183736	-0.8963248	0.0012350805	0.0011264265	0.10088733	800.820389509201
52	0.9705882	0.16895773	1.0	0.0	1.0	0.0	1.0	1.0	1.8308823	1.85	13000	0.855236	0.1647701	1.1115369	-0.36031213	0.85527855	0.16428515	1.1478431	-0.31661704	6.0785823	-6.0	0.00057625637	-0.8997813	0.0010377053	0.0010625337	0.589656	813.4353983402252
53	0.9767442	0.15071489	1.0	0.0	1.0	0.0	1.0	1.0	1.9379845	1.55	13250	0.85751295	0.16125517	1.1401612	-0.2608139	0.85745025	0.16102476	1.1589925	-0.30926275	6.060291	-6.0	0.00058782415	-0.8983943	0.0011356592	0.0012042508	0.44882464	825.8668868541718
54	0.9930556	0.08304348	1.0	0.0	1.0	0.0	1.0	1.0	1.7430556	1.65	13500	0.85925233	0.1626965	1.1050494	-0.30427647	0.859333	0.16145281	1.1279213	-0.30590034	5.9288263	-6.0	0.0005903698	-0.90017897	0.0010108241	0.0011292766	-0.5271466	838.6639342308044
55	0.98550725	0.11951031	1.0	0.0	1.0	0.0	1.0	1.0	1.8115942	2.0	13750	0.8577522	0.16185646	1.1918639	-0.257281	0.8577366	0.16185942	1.1251501	-0.31789535	6.1228757	-6.0	0.0005990334	-0.89642113	0.0010025838	0.0010179695	0.91222155	851.3600559234619
56	1.0	0.0	1.0	1.0	1.0	0.0	1.0	1.0	1.983871	1.95	14000	0.85844153	0.16160099	1.1210597	-0.46514726	0.8584393	0.1617809	1.1024417	-0.2432033	5.956947	-6.0	0.00063693046	-0.9017154	0.000907542	0.0008462049	-0.3161522	863.8509376049042
57	0.9863946	0.11584618	1.0	0.0	1.0	0.0	1.0	1.0	1.7278912	1.7	14250	0.8697045	0.15196744	1.1754756	-0.27693808	0.8698352	0.15233807	1.138107	-0.25704235	5.857504	-6.0	0.0005861464	-0.90827954	0.00086269056	0.00078448537	-1.0595353	876.499308347702
58	1.0	0.0	1.0	1.0	1.0	0.0	1.0	1.0	1.7971015	1.5	14500	0.8687296	0.1603276	1.1304432	-0.2569963	0.86873025	0.16009226	1.1060473	-0.31328464	6.02764	-6.0	0.00055082917	-0.9103113	0.0007502301	0.0007703036	0.20829892	888.9618747234344
59	0.99248123	0.08638439	1.0	0.0	1.0	0.0	1.0	1.0	1.8947369	1.8	14750	0.87381727	0.1570651	1.1317551	-0.26929545	0.87382156	0.15714389	1.1143588	-0.30278397	6.1122622	-6.0	0.00055997993	-0.912743	0.00094234524	0.0009474002	0.83641917	901.436722278595
60	0.9929578	0.08362213	1.0	0.0	1.0	0.0	1.0	1.0	1.7535211	1.8	15000	0.8749524	0.15499534	1.1222154	-0.22122157	0.8751014	0.15344402	1.1016904	-0.573209	6.0286136	-6.0	0.00063547184	-0.91345423	0.0008068011	0.0009873889	0.21212423	913.6830649375916
61	0.9716312	0.1660241	1.0	0.0	1.0	0.0	1.0	1.0	1.7730496	1.65	15250	0.87984735	0.15152216	1.1665646	-0.27427813	0.87977886	0.15139626	1.1618593	-0.3890988	5.904916	-6.0	0.0005891504	-0.9191267	0.00074675423	0.00081738486	-0.70191073	926.1860268115997
62	0.9655172	0.1824656	1.0	0.0	1.0	0.0	1.0	1.0	1.7310345	1.55	15500	0.88028723	0.15352666	1.0960758	-0.38817483	0.88038474	0.15320066	1.1093608	-0.2773654	6.0353765	-6.0	0.0006121838	-0.9186467	0.0007525412	0.0007438683	0.2637929	938.7577774524689
63	0.9797297	0.14092332	1.0	0.0	1.0	0.0	1.0	1.0	1.6891892	1.95	15750	0.88070494	0.14931634	1.286656	-0.44807538	0.8807355	0.14954244	1.1194417	-0.26223692	6.0193496	-6.0	0.00060558866	-0.9162759	0.0011915808	0.001112324	0.14474255	951.2920308113098
64	0.9861111	0.11702985	1.0	0.0	1.0	0.0	1.0	1.0	1.7361112	1.8	16000	0.88136667	0.15170532	1.1134728	-0.4966314	0.88140893	0.15210709	1.1500499	-0.4171134	6.029004	-6.0	0.00061346864	-0.9160691	0.0011609574	0.0010779164	0.215731	963.6483955383301
65	0.97931033	0.14234322	1.0	0.0	1.0	0.0	1.0	1.0	1.7241379	1.65	16250	0.8836107	0.15372844	1.1229501	-0.23541796	0.88356423	0.15474479	1.1218402	-0.29907197	5.921001	-6.0	0.0006251397	-0.91999733	0.0010523114	0.00091636356	-0.5835404	976.0754308700562
66	0.9929078	0.08391603	1.0	0.0	1.0	0.0	1.0	1.0	1.7659575	1.6	16500	0.8858682	0.15140651	1.1019948	-0.36916584	0.8859287	0.15182528	1.1207663	-0.2309311	5.9488683	-6.0	0.0005687256	-0.92356616	0.00088157906	0.00076217606	-0.3808338	988.3898363113403
67	0.9862069	0.11663128	1.0	0.0	0.9	0.29999998	1.0	0.0	1.7310345	1.85	16750	0.88706386	0.15066244	1.1226043	-0.32831946	0.88707274	0.15207095	1.0921928	-0.26906085	6.141076	-6.0	0.0005900426	-0.92297983	0.0010866704	0.00085352245	1.0489641	1000.9778747558594
68	1.0	0.0	1.0	1.0	1.0	0.0	1.0	1.0	1.6025641	1.65	17000	0.8900145	0.15055251	1.1729417	-0.27188215	0.8900673	0.14969681	1.1788714	-0.28206414	5.8859034	-6.0	0.00061603304	-0.92519957	0.0008804596	0.0009313095	-0.8433662	1013.7302711009979
69	0.97887325	0.14380687	1.0	0.0	1.0	0.0	1.0	1.0	1.7464789	2.05	17250	0.8939646	0.14813721	1.0795689	-0.2269122	0.893935	0.14752324	1.1944184	-0.31518987	6.047369	-6.0	0.00060577097	-0.92962325	0.0006100033	0.0007899268	0.35303584	1026.089839220047
70	0.9933775	0.081108935	1.0	0.0	1.0	0.0	1.0	1.0	1.6688741	1.45	17500	0.8943522	0.14611314	1.0924039	-0.21721798	0.8943754	0.14503136	1.1092975	-0.29823098	6.0017457	-6.0	0.00060475816	-0.9276908	0.0006777239	0.00080328993	0.014247254	1038.6107769012451
71	1.0	0.0	1.0	1.0	1.0	0.0	1.0	1.0	1.633987	1.65	17750	0.8944214	0.14835069	1.0995538	-0.28846338	0.894457	0.14874507	1.1136341	-0.35786018	6.014997	-6.0	0.000599025	-0.93008447	0.0006020051	0.0005603663	0.11187414	1050.9878346920013
72	0.98675495	0.11432235	1.0	0.0	1.0	0.0	1.0	1.0	1.6490066	1.9	18000	0.89372176	0.14549845	1.1680427	-0.32571393	0.8937477	0.14789325	1.0782847	-0.30048776	5.967454	-6.0	0.0006000503	-0.92707634	0.0011008625	0.0006994281	-0.24054852	1063.5512211322784
73	0.99285716	0.08421305	1.0	0.0	0.95	0.21794493	1.0	0.0	1.7928572	1.85	18250	0.89705384	0.13930994	1.0915841	-0.27102897	0.8970993	0.13957338	1.0897725	-0.30909452	5.9700665	-6.0	0.0005804112	-0.92918086	0.0007816126	0.0007208456	-0.22248687	1076.030692577362
74	0.97931033	0.14234322	1.0	0.0	1.0	0.0	1.0	1.0	1.7172414	1.35	18500	0.8935426	0.14552315	1.1396958	-0.30163592	0.89354116	0.1454862	1.1075109	-0.24277872	6.01516	-6.0	0.0005834335	-0.9259299	0.0009961564	0.00097421755	0.11392711	1088.848893404007
75	0.98675495	0.11432235	1.0	0.0	1.0	0.0	1.0	1.0	1.6622517	1.6	18750	0.8911735	0.14771561	1.1002069	-0.35091487	0.8911099	0.1484399	1.1326137	-0.22497198	5.9961414	-6.0	0.00058593246	-0.9245722	0.0009036051	0.00085030036	-0.02820186	1101.4492018222809
76	1.0	0.0	1.0	1.0	1.0	0.0	1.0	1.0	1.633987	1.7	19000	0.89511466	0.14776419	1.1915311	-0.29958373	0.89518344	0.14741032	1.1897111	-0.36773187	6.049786	-6.0	0.00058054633	-0.9282085	0.00075282337	0.00078030204	0.37106544	1114.1387419700623
77	0.9868421	0.113950714	1.0	0.0	1.0	0.0	1.0	1.0	1.6447369	1.65	19250	0.89826286	0.14669429	1.0919542	-0.3591719	0.89827096	0.14702234	1.0885373	-0.3684715	6.1141353	-6.0	0.0006274012	-0.9314044	0.0006282092	0.0005946968	0.8394109	1126.6330635547638
78	0.9933775	0.081108935	1.0	0.0	1.0	0.0	1.0	1.0	1.6490066	1.5	19500	0.9003769	0.14475025	1.2162902	-0.25369352	0.90035397	0.14416793	1.1334153	-0.2637679	5.956233	-6.0	0.0006692017	-0.9332278	0.00066685287	0.00072688307	-0.3185834	1139.1620965003967
79	0.98	0.14	1.0	0.0	1.0	0.0	1.0	1.0	1.6666666	1.85	19750	0.90082556	0.14017074	1.1089307	-0.35966498	0.9007932	0.13969435	1.1046455	-0.3248618	5.921956	-6.0	0.0006230392	-0.93115425	0.0007568707	0.0008488134	-0.57404727	1151.7530150413513
80	0.9869281	0.11358266	1.0	0.0	1.0	0.0	1.0	1.0	1.633987	1.85	20000	0.9020643	0.14190882	1.1698564	-0.26973695	0.9021305	0.14184238	1.0812495	-0.27591273	6.0579357	-6.0	0.0006414998	-0.9338506	0.0007180459	0.0006849114	0.4285048	1164.5657887458801
81	0.9807692	0.13733517	1.0	0.0	1.0	0.0	1.0	1.0	1.6089743	1.65	20250	0.9020737	0.14265756	1.1025279	-0.5398617	0.902084	0.14328772	1.0686078	-0.39517385	5.8315105	-6.0	0.00061634794	-0.9328188	0.00067114783	0.0005922928	-1.2506442	1177.4425930976868
82	0.99310344	0.08275862	1.0	0.0	1.0	0.0	1.0	1.0	1.7241379	2.1	20500	0.90221214	0.1416985	1.0877769	-0.22796294	0.9022347	0.14190516	1.1103859	-0.39405537	6.0863166	-6.0	0.00054372026	-0.93311733	0.00086504046	0.00082333427	0.6465891	1190.0247230529785
83	0.9935484	0.08006241	1.0	0.0	1.0	0.0	1.0	1.0	1.6129032	1.45	20750	0.90624547	0.13993905	1.0965219	-0.26357794	0.90626997	0.13962634	1.0726745	-0.29052988	6.0127234	-6.0	0.00059648615	-0.93711656	0.0004945809	0.00051721657	0.095655456	1202.75372838974
84	1.0	0.0	1.0	1.0	0.9	0.29999998	1.0	0.0	1.6025641	1.5	21000	0.9061177	0.13853098	1.2299948	-0.26805773	0.90613806	0.13735656	1.0999908	-0.2122451	5.9502344	-6.0	0.00060071086	-0.9346981	0.0006195009	0.0007252907	-0.36964887	1215.3058459758759
85	0.9932886	0.08164782	1.0	0.0	1.0	0.0	1.0	1.0	1.6778524	1.5	21250	0.90425795	0.14370824	1.092408	-0.26855052	0.90422034	0.14456315	1.1686064	-0.2952962	5.9985743	-6.0	0.00055339513	-0.93350905	0.0007746667	0.0007133287	-0.009731903	1227.722707748413
86	1.0	0.0	1.0	1.0	1.0	0.0	1.0	1.0	1.6666666	1.45	21500	0.9054355	0.14176346	1.1017551	-0.30959266	0.90553725	0.14288267	1.1081271	-0.33598328	6.055535	-6.0	0.0005933044	-0.934617	0.0009436629	0.00077647634	0.41465458	1240.468853712082
87	0.9934211	0.080843456	1.0	0.0	1.0	0.0	1.0	1.0	1.6447369	1.65	21750	0.90510243	0.14352739	1.0969286	-0.4035135	0.90510327	0.14372556	1.1104766	-0.27374837	6.1249323	-6.0	0.0006362337	-0.93578005	0.00066228735	0.0005855584	0.91943693	1253.0193667411804
88	0.99319726	0.08219759	1.0	0.0	1.0	0.0	1.0	1.0	1.7006803	1.75	22000	0.9082747	0.13485329	1.1604829	-0.26098764	0.9082363	0.1355263	1.0644982	-0.19473112	5.881382	-6.0	0.00064023625	-0.93714553	0.0005279447	0.0004550423	-0.8704153	1265.505892753601
89	0.9931507	0.082476676	1.0	0.0	1.0	0.0	1.0	1.0	1.7123288	1.55	22250	0.9068705	0.1425197	1.0758346	-0.24004579	0.9068991	0.1427135	1.1085669	-0.48562974	5.9110193	-6.0	0.00060599187	-0.93543154	0.0007904364	0.00077929726	-0.660942	1277.941736459732
90	0.99333334	0.081377044	1.0	0.0	1.0	0.0	1.0	1.0	1.66	1.8	22500	0.9086251	0.13778795	1.1134536	-0.34500095	0.90865254	0.1401869	1.0936173	-0.3598438	6.110711	-6.0	0.00058784697	-0.93480855	0.00097033544	0.00060424686	0.8250834	1291.627257347107
91	0.9875776	0.11076121	1.0	0.0	1.0	0.0	1.0	1.0	1.552795	1.5	22750	0.9047056	0.14309967	1.1020021	-0.29785535	0.90473485	0.14214312	1.0731274	-0.29591694	5.920687	-6.0	0.00060197606	-0.9331295	0.00075309625	0.000845366	-0.58762926	1304.5012018680573
92	0.9872612	0.11214534	1.0	0.0	1.0	0.0	1.0	1.0	1.5987262	1.5	23000	0.9074006	0.14025976	1.0925022	-0.44840813	0.90741825	0.13955736	1.1229898	-0.21561247	5.995534	-6.0	0.00056449085	-0.9365485	0.00065452326	0.0007523747	-0.032576445	1317.0660886764526
93	1.0	0.0	1.0	1.0	1.0	0.0	1.0	1.0	1.537037	1.7	23250	0.9102426	0.13936666	1.2728206	-0.18357775	0.91028	0.13859542	1.0782626	-0.30455032	5.919316	-6.0	0.00057004095	-0.9400523	0.0006120721	0.000681303	-0.6048137	1330.321877002716
94	0.98125	0.13564083	1.0	0.0	1.0	0.0	1.0	1.0	1.5625	1.5	23500	0.910457	0.13891299	1.106911	-0.34003198	0.91033757	0.13883902	1.0818453	-0.30190524	6.040916	-6.0	0.0005352555	-0.9379506	0.0007460828	0.0008544333	0.30875438	1342.9242579936981
95	1.0	0.0	1.0	1.0	1.0	0.0	1.0	1.0	1.6513158	1.25	23750	0.91045326	0.1405025	1.0665175	-0.37116632	0.9105379	0.13975866	1.0768752	-0.4850363	6.137795	-6.0	0.00060393335	-0.93827605	0.00057387055	0.0006717861	1.0263257	1355.1855561733246
96	0.9751553	0.15565173	1.0	0.0	1.0	0.0	1.0	1.0	1.552795	1.35	24000	0.91131896	0.13476902	1.080092	-0.22691634	0.9113581	0.13499598	1.118298	-0.20485675	5.9520955	-6.0	0.00060764444	-0.9368135	0.00088157237	0.0008256029	-0.3522935	1367.886041879654
97	0.9875776	0.11076121	1.0	0.0	1.0	0.0	1.0	1.0	1.552795	1.4	24250	0.90735346	0.14624181	1.0901384	-0.25885394	0.9074064	0.14657712	1.1141245	-0.27677792	5.959376	-6.0	0.0005965833	-0.93593276	0.000941613	0.000876824	-0.3012336	1380.3170444965363
98	0.9874214	0.11144683	1.0	0.0	1.0	0.0	1.0	1.0	1.572327	1.85	24500	0.9106887	0.13943207	1.1677554	-0.18345025	0.91062665	0.13972472	1.1226035	-0.18115652	5.9592032	-6.0	0.0005689725	-0.9372045	0.000576925	0.00055971777	-0.30363005	1392.703147649765
99	0.993865	0.0780854	1.0	0.0	1.0	0.0	1.0	1.0	1.5337423	1.65	24750	0.9116023	0.13844387	1.1600956	-0.21947455	0.91162854	0.13672341	1.1120102	-0.24260253	6.002963	-6.0	0.00055097445	-0.93802357	0.0006589205	0.00083973655	0.023123978	1405.2115874290466
